# Spherical Bessel functions via up and down recursion, relative error, and function from GSL
 0.1000000000 7.2715109967e-21 -5.6466982208e+02 1.0000000000e+00 7.2715109967e-21
 0.2000000000 7.4411725281e-18 -1.3715933645e-01 1.0000000000e+00 7.4411725281e-18
 0.3000000000 4.2862929706e-16 3.9082557909e-04 1.0000000000e+00 4.2862929706e-16
 0.4000000000 7.5999054878e-15 -3.6628963987e-04 1.0000000000e+00 7.5999054878e-15
 0.5000000000 7.0641239637e-14 -2.1535726743e-05 1.0000000000e+00 7.0641239637e-14
 0.6000000000 4.3634669470e-13 3.8154843416e-06 9.9999977128e-01 4.3634669470e-13
 0.7000000000 2.0326908137e-12 -7.7011723500e-07 1.0000000000e+00 2.0326908137e-12
 0.8000000000 7.7014628084e-12 -3.5466350728e-07 1.0000000000e+00 7.7014628084e-12
 0.9000000000 2.4916751284e-11 2.7693206843e-08 9.9820213290e-01 2.4916751284e-11
 1.0000000000 7.1165526400e-11 4.0010148533e-08 9.9644894245e-01 7.1165526400e-11
 1.1000000000 1.8374267943e-10 5.8603022841e-09 9.3919877151e-01 1.8374267943e-10
 1.2000000000 4.3643458262e-10 -4.8767261623e-09 1.0000000000e+00 4.3643458262e-10
 1.3000000000 9.6643681646e-10 -1.5330267031e-09 1.0000000000e+00 9.6643681646e-10
 1.4000000000 2.0158724117e-09 2.2603005462e-09 5.7160488340e-02 2.0158724117e-09
 1.5000000000 3.9934406995e-09 3.4496752343e-09 7.3056159547e-02 3.9934406995e-09
 1.6000000000 7.5630221314e-09 7.3366727493e-09 1.5191544789e-02 7.5630221314e-09
 1.7000000000 1.3767474201e-08 1.3729204033e-08 1.3918106028e-03 1.3767474201e-08
 1.8000000000 2.4197355440e-08 2.4199534702e-08 4.5028983180e-05 2.4197355440e-08
 1.9000000000 4.1215880664e-08 4.1285007938e-08 8.3789732396e-04 4.1215880664e-08
 2.0000000000 6.8253008650e-08 6.8341991024e-08 6.5143215216e-04 6.8253008650e-08
 2.1000000000 1.1018315590e-07 1.1018685979e-07 1.6807602172e-05 1.1018315590e-07
 2.2000000000 1.7380257612e-07 1.7380011585e-07 7.0778308360e-06 1.7380257612e-07
 2.3000000000 2.6842389957e-07 2.6843883723e-07 2.7823991208e-05 2.6842389957e-07
 2.4000000000 4.0660664225e-07 4.0660915534e-07 3.0903087735e-06 4.0660664225e-07
 2.5000000000 6.0504362296e-07 6.0504559094e-07 1.6263072653e-06 6.0504362296e-07
 2.6000000000 8.8562411510e-07 8.8562584120e-07 9.7451096032e-07 8.8562411510e-07
 2.7000000000 1.2766951605e-06 1.2766983776e-06 1.2599220977e-06 1.2766951605e-06
 2.8000000000 1.8145427336e-06 1.8145428320e-06 2.7094489675e-08 1.8145427336e-06
 2.9000000000 2.5451143172e-06 2.5451137213e-06 1.1707293340e-07 2.5451143172e-06
 3.0000000000 3.5260038932e-06 3.5260028978e-06 1.4115159703e-07 3.5260038932e-06
 3.1000000000 4.8287193177e-06 4.8287195940e-06 2.8608310434e-08 4.8287193177e-06
 3.2000000000 6.5412505061e-06 6.5412507705e-06 2.0206796141e-08 6.5412505061e-06
 3.3000000000 8.7709547665e-06 8.7709548391e-06 4.1413152026e-09 8.7709547665e-06
 3.4000000000 1.1647772969e-05 1.1647772662e-05 1.3176492602e-08 1.1647772969e-05
 3.5000000000 1.5327786999e-05 1.5327787237e-05 7.7581616455e-09 1.5327786999e-05
 3.6000000000 1.9997125124e-05 1.9997125134e-05 2.5750928146e-10 1.9997125124e-05
 3.7000000000 2.5876217463e-05 2.5876217482e-05 3.5317395945e-10 2.5876217463e-05
 3.8000000000 3.3224398787e-05 3.3224398802e-05 2.2727713767e-10 3.3224398787e-05
 3.9000000000 4.2344850269e-05 4.2344850210e-05 6.9685800051e-10 4.2344850269e-05
 4.0000000000 5.3589865769e-05 5.3589865805e-05 3.3470412920e-10 5.3589865769e-05
 4.1000000000 6.7366421606e-05 6.7366421663e-05 4.2916898917e-10 6.7366421606e-05
 4.2000000000 8.4142021811e-05 8.4142021851e-05 2.3553932382e-10 8.4142021811e-05
 4.3000000000 1.0445078343e-04 1.0445078342e-04 4.5883296800e-11 1.0445078343e-04
 4.4000000000 1.2889971879e-04 1.2889971878e-04 3.5139708323e-11 1.2889971879e-04
 4.5000000000 1.5817516371e-04 1.5817516372e-04 3.4530098410e-12 1.5817516371e-04
 4.6000000000 1.9304929271e-04 1.9304929272e-04 1.7157892192e-11 1.9304929271e-04
 4.7000000000 2.3438665403e-04 2.3438665403e-04 4.5972512112e-12 2.3438665403e-04
 4.8000000000 2.8315064961e-04 2.8315064962e-04 8.3044756382e-12 2.8315064961e-04
 4.9000000000 3.4040987718e-04 3.4040987718e-04 4.0790967608e-12 3.4040987718e-04
 5.0000000000 4.0734424425e-04 4.0734424425e-04 3.7628881296e-12 4.0734424425e-04
 5.1000000000 4.8525075697e-04 4.8525075697e-04 5.3467114919e-13 4.8525075697e-04
 5.2000000000 5.7554888024e-04 5.7554888024e-04 2.2330219020e-12 5.7554888024e-04
 5.3000000000 6.7978535981e-04 6.7978535982e-04 2.6565758184e-12 6.7978535981e-04
 5.4000000000 7.9963839250e-04 7.9963839250e-04 1.9878345262e-12 7.9963839250e-04
 5.5000000000 9.3692102634e-04 9.3692102634e-04 5.6824157195e-13 9.3692102634e-04
 5.6000000000 1.0935836702e-03 1.0935836702e-03 5.9624078552e-13 1.0935836702e-03
 5.7000000000 1.2717155903e-03 1.2717155903e-03 2.7349830386e-13 1.2717155903e-03
 5.8000000000 1.4735452715e-03 1.4735452715e-03 8.5033861866e-13 1.4735452715e-03
 5.9000000000 1.7014395216e-03 1.7014395216e-03 2.7700231386e-13 1.7014395216e-03
 6.0000000000 1.9579011995e-03 1.9579011995e-03 1.9569784617e-13 1.9579011995e-03
 6.1000000000 2.2455654543e-03 2.2455654543e-03 6.5663414609e-15 2.2455654543e-03
 6.2000000000 2.5671943647e-03 2.5671943647e-03 1.1977267493e-13 2.5671943647e-03
 6.3000000000 2.9256698788e-03 2.9256698788e-03 3.4241826620e-14 2.9256698788e-03
 6.4000000000 3.3239849632e-03 3.3239849631e-03 5.6754522088e-14 3.3239849632e-03
 6.5000000000 3.7652328781e-03 3.7652328781e-03 1.4973446476e-14 3.7652328781e-03
 6.6000000000 4.2525945143e-03 4.2525945143e-03 1.1217833120e-14 4.2525945143e-03
 6.7000000000 4.7893237343e-03 4.7893237343e-03 6.5197143271e-15 4.7893237343e-03
 6.8000000000 5.3787306832e-03 5.3787306832e-03 2.4994943474e-15 5.3787306832e-03
 6.9000000000 6.0241630481e-03 6.0241630481e-03 7.9189250372e-16 6.0241630481e-03
 7.0000000000 6.7289852643e-03 6.7289852643e-03 1.1472040976e-14 6.7289852643e-03
 7.1000000000 7.4965556903e-03 7.4965556903e-03 7.7519915606e-15 7.4965556903e-03
 7.2000000000 8.3302017896e-03 8.3302017896e-03 2.1865732617e-14 8.3302017896e-03
 7.3000000000 9.2331933855e-03 9.2331933855e-03 6.2939477187e-15 9.2331933855e-03
 7.4000000000 1.0208714075e-02 1.0208714075e-02 8.9211022874e-15 1.0208714075e-02
 7.5000000000 1.1259830915e-02 1.1259830915e-02 1.7717246488e-15 1.1259830915e-02
 7.6000000000 1.2389462512e-02 1.2389462512e-02 3.9204491140e-15 1.2389462512e-02
 7.7000000000 1.3600345681e-02 1.3600345681e-02 9.6937965594e-15 1.3600345681e-02
 7.8000000000 1.4895000864e-02 1.4895000864e-02 4.2509166298e-15 1.4895000864e-02
 7.9000000000 1.6275696497e-02 1.6275696497e-02 1.0125448717e-14 1.6275696497e-02
 8.0000000000 1.7744412593e-02 1.7744412593e-02 2.0529951502e-15 1.7744412593e-02
 8.1000000000 1.9302803763e-02 1.9302803763e-02 5.7516153522e-15 1.9302803763e-02
 8.2000000000 2.0952161981e-02 2.0952161981e-02 2.5666290574e-15 2.0952161981e-02
 8.3000000000 2.2693379378e-02 2.2693379378e-02 1.5288366242e-15 2.2693379378e-02
 8.4000000000 2.4526911382e-02 2.4526911382e-02 1.8389111320e-15 2.4526911382e-02
 8.5000000000 2.6452740556e-02 2.6452740556e-02 2.9510196214e-15 2.6452740556e-02
 8.6000000000 2.8470341454e-02 2.8470341454e-02 2.4372359268e-16 2.8470341454e-02
 8.7000000000 3.0578646887e-02 3.0578646887e-02 3.4037937958e-16 3.0578646887e-02
 8.8000000000 3.2776015952e-02 3.2776015952e-02 1.3760919095e-15 3.2776015952e-02
 8.9000000000 3.5060204198e-02 3.5060204198e-02 2.1770504391e-15 3.5060204198e-02
 9.0000000000 3.7428336324e-02 3.7428336324e-02 3.7078291933e-16 3.7428336324e-02
 9.1000000000 3.9876881777e-02 3.9876881777e-02 3.4801587259e-16 3.9876881777e-02
 9.2000000000 4.2401633622e-02 4.2401633622e-02 1.3091748239e-15 4.2401633622e-02
 9.3000000000 4.4997691065e-02 4.4997691065e-02 1.5420555454e-16 4.4997691065e-02
 9.4000000000 4.7659445978e-02 4.7659445978e-02 5.0957639489e-16 4.7659445978e-02
 9.5000000000 5.0380573756e-02 5.0380573756e-02 2.2036728482e-15 5.0380573756e-02
 9.6000000000 5.3154028854e-02 5.3154028854e-02 1.3054314139e-16 5.3154028854e-02
 9.7000000000 5.5972045273e-02 5.5972045273e-02 4.9588281937e-16 5.5972045273e-02
 9.8000000000 5.8826142290e-02 5.8826142290e-02 2.3591191378e-16 5.8826142290e-02
 9.9000000000 6.1707135658e-02 6.1707135658e-02 5.6224404438e-17 6.1707135658e-02
10.0000000000 6.4605154493e-02 6.4605154493e-02 1.0740464841e-16 6.4605154493e-02
10.1000000000 6.7509664002e-02 6.7509664002e-02 1.0278371262e-16 6.7509664002e-02
10.2000000000 7.0409494205e-02 7.0409494205e-02 0.0000000000e+00 7.0409494205e-02
10.3000000000 7.3292874702e-02 7.3292874702e-02 5.6804107620e-16 7.3292874702e-02
10.4000000000 7.6147475550e-02 7.6147475550e-02 4.5562205797e-16 7.6147475550e-02
10.5000000000 7.8960454224e-02 7.8960454224e-02 8.7878090015e-17 7.8960454224e-02
10.6000000000 8.1718508592e-02 8.1718508592e-02 1.6982429130e-16 8.1718508592e-02
10.7000000000 8.4407935807e-02 8.4407935807e-02 8.2206653173e-17 8.4407935807e-02
10.8000000000 8.7014696920e-02 8.7014696920e-02 0.0000000000e+00 8.7014696920e-02
10.9000000000 8.9524487011e-02 8.9524487011e-02 7.7508334709e-17 8.9524487011e-02
11.0000000000 9.1922810536e-02 9.1922810536e-02 3.0194437544e-16 9.1922810536e-02
11.1000000000 9.4195061566e-02 9.4195061566e-02 0.0000000000e+00 9.4195061566e-02
11.2000000000 9.6326608523e-02 9.6326608523e-02 7.2035069129e-17 9.6326608523e-02
11.3000000000 9.8302882967e-02 9.8302882967e-02 0.0000000000e+00 9.8302882967e-02
11.4000000000 1.0010947193e-01 1.0010947193e-01 1.3862612139e-16 1.0010947193e-01
11.5000000000 1.0173221327e-01 1.0173221327e-01 1.3641488141e-16 1.0173221327e-01
11.6000000000 1.0315729341e-01 1.0315729341e-01 2.0179553983e-16 1.0315729341e-01
11.7000000000 1.0437134694e-01 1.0437134694e-01 1.3296549499e-16 1.0437134694e-01
11.8000000000 1.0536155715e-01 1.0536155715e-01 6.5857928563e-17 1.0536155715e-01
11.9000000000 1.0611575716e-01 1.0611575716e-01 1.3077970868e-16 1.0611575716e-01
12.0000000000 1.0662253057e-01 1.0662253057e-01 6.5079058498e-17 1.0662253057e-01
12.1000000000 1.0687131096e-01 1.0687131096e-01 1.2985512841e-16 1.0687131096e-01
12.2000000000 1.0685247962e-01 1.0685247962e-01 5.1951205463e-16 1.0685247962e-01
12.3000000000 1.0655746046e-01 1.0655746046e-01 1.3023759902e-16 1.0655746046e-01
12.4000000000 1.0597881139e-01 1.0597881139e-01 1.2440126705e-15 1.0597881139e-01
12.5000000000 1.0511031149e-01 1.0511031149e-01 6.6675502559e-15 1.0511031149e-01
12.6000000000 1.0394704290e-01 1.0394704290e-01 4.6727887557e-16 1.0394704290e-01
12.7000000000 1.0248546690e-01 1.0248546690e-01 1.3541225139e-16 1.0248546690e-01
12.8000000000 1.0072349321e-01 1.0072349321e-01 2.7556208320e-16 1.0072349321e-01
12.9000000000 9.8660541908e-02 9.8660541908e-02 1.4066198644e-16 9.8660541908e-02
13.0000000000 9.6297597157e-02 9.6297597157e-02 2.1617031293e-16 9.6297597157e-02
13.1000000000 9.3637252109e-02 9.3637252109e-02 7.4103989039e-17 9.3637252109e-02
13.2000000000 9.0683744369e-02 9.0683744369e-02 2.2955251635e-16 9.0683744369e-02
13.3000000000 8.7442981426e-02 8.7442981426e-02 7.9353354503e-17 8.7442981426e-02
13.4000000000 8.3922555568e-02 8.3922555568e-02 8.2682109202e-17 8.3922555568e-02
13.5000000000 8.0131747816e-02 8.0131747816e-02 8.6593567382e-17 8.0131747816e-02
13.6000000000 7.6081520525e-02 7.6081520525e-02 3.6481362917e-16 7.6081520525e-02
13.7000000000 7.1784498349e-02 7.1784498349e-02 0.0000000000e+00 7.1784498349e-02
13.8000000000 6.7254937367e-02 6.7254937367e-02 0.0000000000e+00 6.7254937367e-02
13.9000000000 6.2508682241e-02 6.2508682241e-02 3.3302064554e-16 6.2508682241e-02
14.0000000000 5.7563111382e-02 5.7563111382e-02 0.0000000000e+00 5.7563111382e-02
14.1000000000 5.2437070164e-02 5.2437070164e-02 0.0000000000e+00 5.2437070164e-02
14.2000000000 4.7150792370e-02 4.7150792370e-02 2.2074583125e-16 4.7150792370e-02
14.3000000000 4.1725810085e-02 4.1725810085e-02 2.4944610625e-16 4.1725810085e-02
14.4000000000 3.6184852408e-02 3.6184852408e-02 9.5881196717e-17 3.6184852408e-02
14.5000000000 3.0551733420e-02 3.0551733420e-02 2.8389935395e-16 3.0551733420e-02
14.6000000000 2.4851229927e-02 2.4851229927e-02 3.4902165427e-16 2.4851229927e-02
14.7000000000 1.9108949647e-02 1.9108949647e-02 3.6312272690e-16 1.9108949647e-02
14.8000000000 1.3351190514e-02 1.3351190514e-02 8.4454660294e-16 1.3351190514e-02
14.9000000000 7.6047919570e-03 7.6047919570e-03 1.8248740907e-15 7.6047919570e-03
15.0000000000 1.8969790011e-03 1.8969790011e-03 4.7437942257e-15 1.8969790011e-03
15.1000000000 -3.7447998100e-03 -3.7447998100e-03 1.5055147359e-15 -3.7447998100e-03
15.2000000000 -9.2930396478e-03 -9.2930396478e-03 1.8666911384e-16 -9.2930396478e-03
15.3000000000 -1.4720350679e-02 -1.4720350679e-02 8.8383941074e-16 -1.4720350679e-02
15.4000000000 -1.9999632231e-02 -1.9999632231e-02 5.2042661262e-16 -1.9999632231e-02
15.5000000000 -2.5104248639e-02 -2.5104248639e-02 2.0730237749e-16 -2.5104248639e-02
15.6000000000 -3.0008205512e-02 -3.0008205512e-02 3.0060318240e-15 -3.0008205512e-02
15.7000000000 -3.4686325150e-02 -3.4686325150e-02 1.9204508171e-14 -3.4686325150e-02
15.8000000000 -3.9114419801e-02 -3.9114419801e-02 1.3304992007e-15 -3.9114419801e-02
15.9000000000 -4.3269461448e-02 -4.3269461448e-02 3.2072938611e-16 -4.3269461448e-02
16.0000000000 -4.7129746811e-02 -4.7129746811e-02 7.3614801410e-16 -4.7129746811e-02
16.1000000000 -5.0675056246e-02 -5.0675056246e-02 6.1618131051e-16 -5.0675056246e-02
16.2000000000 -5.3886805283e-02 -5.3886805283e-02 5.1507183382e-16 -5.3886805283e-02
16.3000000000 -5.6748187518e-02 -5.6748187518e-02 1.8341274517e-16 -5.6748187518e-02
16.4000000000 -5.9244307666e-02 -5.9244307666e-02 3.5137015743e-16 -5.9244307666e-02
16.5000000000 -6.1362303614e-02 -6.1362303614e-02 0.0000000000e+00 -6.1362303614e-02
16.6000000000 -6.3091456363e-02 -6.3091456363e-02 1.0998151420e-16 -6.3091456363e-02
16.7000000000 -6.4423286849e-02 -6.4423286849e-02 1.0770785291e-16 -6.4423286849e-02
16.8000000000 -6.5351638704e-02 -6.5351638704e-02 0.0000000000e+00 -6.5351638704e-02
16.9000000000 -6.5872746085e-02 -6.5872746085e-02 0.0000000000e+00 -6.5872746085e-02
17.0000000000 -6.5985285845e-02 -6.5985285845e-02 1.0515820027e-16 -6.5985285845e-02
17.1000000000 -6.5690413392e-02 -6.5690413392e-02 1.0563023652e-16 -6.5690413392e-02
17.2000000000 -6.4991781711e-02 -6.4991781711e-02 0.0000000000e+00 -6.4991781711e-02
17.3000000000 -6.3895543147e-02 -6.3895543147e-02 1.0859746333e-16 -6.3895543147e-02
17.4000000000 -6.2410333658e-02 -6.2410333658e-02 0.0000000000e+00 -6.2410333658e-02
17.5000000000 -6.0547239412e-02 -6.0547239412e-02 5.7301488650e-17 -6.0547239412e-02
17.6000000000 -5.8319745692e-02 -5.8319745692e-02 1.1898018110e-16 -5.8319745692e-02
17.7000000000 -5.5743668249e-02 -5.5743668249e-02 0.0000000000e+00 -5.5743668249e-02
17.8000000000 -5.2837067359e-02 -5.2837067359e-02 1.3132624975e-16 -5.2837067359e-02
17.9000000000 -4.9620144976e-02 -4.9620144976e-02 1.3984025857e-16 -4.9620144976e-02
18.0000000000 -4.6115125540e-02 -4.6115125540e-02 7.5234468330e-17 -4.6115125540e-02
18.1000000000 -4.2346121083e-02 -4.2346121083e-02 0.0000000000e+00 -4.2346121083e-02
18.2000000000 -3.8338981463e-02 -3.8338981463e-02 9.0493978179e-17 -3.8338981463e-02
18.3000000000 -3.4121130643e-02 -3.4121130643e-02 0.0000000000e+00 -3.4121130643e-02
18.4000000000 -2.9721390060e-02 -2.9721390060e-02 0.0000000000e+00 -2.9721390060e-02
18.5000000000 -2.5169790277e-02 -2.5169790277e-02 0.0000000000e+00 -2.5169790277e-02
18.6000000000 -2.0497372158e-02 -2.0497372158e-02 8.4631506059e-17 -2.0497372158e-02
18.7000000000 -1.5735978968e-02 -1.5735978968e-02 2.2047862157e-16 -1.5735978968e-02
18.8000000000 -1.0918040835e-02 -1.0918040835e-02 5.5610088453e-16 -1.0918040835e-02
18.9000000000 -6.0763531298e-03 -6.0763531298e-03 1.6415537040e-15 -6.0763531298e-03
19.0000000000 -1.2438503520e-03 -1.2438503520e-03 2.1093930255e-14 -1.2438503520e-03
19.1000000000 3.5466228015e-03 3.5466228015e-03 3.7295385623e-15 3.5466228015e-03
19.2000000000 8.2625415014e-03 8.2625415014e-03 1.0497517475e-15 8.2625415014e-03
19.3000000000 1.2871930244e-02 1.2871930244e-02 4.7168777726e-16 1.2871930244e-02
19.4000000000 1.7343589965e-02 1.7343589965e-02 0.0000000000e+00 1.7343589965e-02
19.5000000000 2.1647321060e-02 2.1647321060e-02 8.0135711535e-17 2.1647321060e-02
19.6000000000 2.5754140583e-02 2.5754140583e-02 2.6942828403e-16 2.5754140583e-02
19.7000000000 2.9636491919e-02 2.9636491919e-02 0.0000000000e+00 2.9636491919e-02
19.8000000000 3.3268445267e-02 3.3268445267e-02 1.0428641688e-16 3.3268445267e-02
19.9000000000 3.6625887326e-02 3.6625887326e-02 9.4726632043e-17 3.6625887326e-02
20.0000000000 3.9686698645e-02 3.9686698645e-02 8.7420900968e-17 3.9686698645e-02
20.1000000000 4.2430917188e-02 4.2430917188e-02 0.0000000000e+00 4.2430917188e-02
20.2000000000 4.4840886746e-02 4.4840886746e-02 1.5474479671e-16 4.4840886746e-02
20.3000000000 4.6901388941e-02 4.6901388941e-02 0.0000000000e+00 4.6901388941e-02
20.4000000000 4.8599757697e-02 4.8599757697e-02 2.1416445985e-16 4.8599757697e-02
20.5000000000 4.9925975160e-02 4.9925975160e-02 0.0000000000e+00 4.9925975160e-02
20.6000000000 5.0872748209e-02 5.0872748209e-02 1.3639707207e-16 5.0872748209e-02
20.7000000000 5.1435564829e-02 5.1435564829e-02 6.7452296159e-17 5.1435564829e-02
20.8000000000 5.1612729779e-02 5.1612729779e-02 3.3610380296e-16 5.1612729779e-02
20.9000000000 5.1405379154e-02 5.1405379154e-02 0.0000000000e+00 5.1405379154e-02
21.0000000000 5.0817473588e-02 5.0817473588e-02 0.0000000000e+00 5.0817473588e-02
21.1000000000 4.9855770036e-02 4.9855770036e-02 0.0000000000e+00 4.9855770036e-02
21.2000000000 4.8529772217e-02 4.8529772217e-02 2.1447330948e-16 4.8529772217e-02
21.3000000000 4.6851659995e-02 4.6851659995e-02 1.4810348032e-16 4.6851659995e-02
21.4000000000 4.4836198127e-02 4.4836198127e-02 7.7380489357e-17 4.4836198127e-02
21.5000000000 4.2500624996e-02 4.2500624996e-02 8.1632845453e-17 4.2500624996e-02
21.6000000000 3.9864522081e-02 3.9864522081e-02 1.7406188615e-16 3.9864522081e-02
21.7000000000 3.6949665103e-02 3.6949665103e-02 1.8779314737e-16 3.6949665103e-02
21.8000000000 3.3779857935e-02 3.3779857935e-02 5.1353782461e-16 3.3779857935e-02
21.9000000000 3.0380750488e-02 3.0380750488e-02 1.1419885606e-15 3.0380750488e-02
22.0000000000 2.6779641946e-02 2.6779641946e-02 1.0429208882e-14 2.6779641946e-02
22.1000000000 2.3005270849e-02 2.3005270849e-02 4.5243287612e-16 2.3005270849e-02
22.2000000000 1.9087593603e-02 1.9087593603e-02 2.7264675350e-16 1.9087593603e-02
22.3000000000 1.5057553155e-02 1.5057553155e-02 2.5921394936e-15 1.5057553155e-02
22.4000000000 1.0946839605e-02 1.0946839605e-02 5.5463790326e-16 1.0946839605e-02
22.5000000000 6.7876446381e-03 6.7876446381e-03 3.3224198364e-15 6.7876446381e-03
22.6000000000 2.6124117031e-03 2.6124117031e-03 8.3003928607e-16 2.6124117031e-03
22.7000000000 -1.5464160837e-03 -1.5464160837e-03 2.7343148569e-15 -1.5464160837e-03
22.8000000000 -5.6566483118e-03 -5.6566483118e-03 4.6000477147e-16 -5.6566483118e-03
22.9000000000 -9.6865979074e-03 -9.6865979074e-03 1.7013066073e-15 -9.6865979074e-03
23.0000000000 -1.3605328015e-02 -1.3605328015e-02 1.2750324535e-16 -1.3605328015e-02
23.1000000000 -1.7382893137e-02 -1.7382893137e-02 2.9938459535e-16 -1.7382893137e-02
23.2000000000 -2.0990572589e-02 -2.0990572589e-02 1.6528596051e-16 -2.0990572589e-02
23.3000000000 -2.4401094363e-02 -2.4401094363e-02 7.1092035882e-17 -2.4401094363e-02
23.4000000000 -2.7588847584e-02 -2.7588847584e-02 6.2877707042e-17 -2.7588847584e-02
23.5000000000 -3.0530081817e-02 -3.0530081817e-02 2.2728055383e-16 -3.0530081817e-02
23.6000000000 -3.3203091586e-02 -3.3203091586e-02 4.1796673577e-16 -3.3203091586e-02
23.7000000000 -3.5588384579e-02 -3.5588384579e-02 0.0000000000e+00 -3.5588384579e-02
23.8000000000 -3.7668832150e-02 -3.7668832150e-02 1.8420783199e-16 -3.7668832150e-02
23.9000000000 -3.9429800866e-02 -3.9429800866e-02 2.6397142839e-16 -3.9429800866e-02
24.0000000000 -4.0859263989e-02 -4.0859263989e-02 8.4912125507e-17 -4.0859263989e-02
24.1000000000 -4.1947891957e-02 -4.1947891957e-02 8.2708493565e-17 -4.1947891957e-02
24.2000000000 -4.2689121097e-02 -4.2689121097e-02 0.0000000000e+00 -4.2689121097e-02
24.3000000000 -4.3079199978e-02 -4.3079199978e-02 8.0536475926e-17 -4.3079199978e-02
24.4000000000 -4.3117212983e-02 -4.3117212983e-02 8.0465473344e-17 -4.3117212983e-02
24.5000000000 -4.2805080898e-02 -4.2805080898e-02 8.1052222754e-17 -4.2805080898e-02
24.6000000000 -4.2147538469e-02 -4.2147538469e-02 1.6463343189e-16 -4.2147538469e-02
24.7000000000 -4.1152089092e-02 -4.1152089092e-02 9.2738709779e-16 -4.1152089092e-02
24.8000000000 -3.9828936996e-02 -3.9828936996e-02 3.4843480280e-16 -3.9828936996e-02
24.9000000000 -3.8190897428e-02 -3.8190897428e-02 9.0844865809e-17 -3.8190897428e-02
25.0000000000 -3.6253285601e-02 -3.6253285601e-02 9.5700207427e-17 -3.6253285601e-02
25.1000000000 -3.4033785270e-02 -3.4033785270e-02 1.1927127416e-14 -3.4033785270e-02
25.2000000000 -3.1552298026e-02 -3.1552298026e-02 9.7863166248e-15 -3.1552298026e-02
25.3000000000 -2.8830774544e-02 -2.8830774544e-02 2.2864280661e-15 -2.8830774544e-02
25.4000000000 -2.5893029164e-02 -2.5893029164e-02 2.0098731573e-16 -2.5893029164e-02
25.5000000000 -2.2764539343e-02 -2.2764539343e-02 0.0000000000e+00 -2.2764539343e-02
25.6000000000 -1.9472231637e-02 -1.9472231637e-02 1.0690444783e-15 -1.9472231637e-02
25.7000000000 -1.6044255982e-02 -1.6044255982e-02 9.7309038832e-16 -1.6044255982e-02
25.8000000000 -1.2509750166e-02 -1.2509750166e-02 6.9334856932e-16 -1.2509750166e-02
25.9000000000 -8.8985964305e-03 -8.8985964305e-03 2.9241524034e-16 -8.8985964305e-03
26.0000000000 -5.2411722584e-03 -5.2411722584e-03 1.9031353093e-15 -5.2411722584e-03
26.1000000000 -1.5680974072e-03 -1.5680974072e-03 1.0578611484e-14 -1.5680974072e-03
26.2000000000 2.0900206784e-03 2.0900206784e-03 3.0087609493e-15 2.0900206784e-03
26.3000000000 5.7028409518e-03 5.7028409518e-03 2.9658119582e-15 5.7028409518e-03
26.4000000000 9.2405402132e-03 9.2405402132e-03 2.8159449057e-16 9.2405402132e-03
26.5000000000 1.2674059812e-02 1.2674059812e-02 1.3687196540e-16 1.2674059812e-02
26.6000000000 1.5975345529e-02 1.5975345529e-02 0.0000000000e+00 1.5975345529e-02
26.7000000000 1.9117578626e-02 1.9117578626e-02 5.4443823976e-16 1.9117578626e-02
26.8000000000 2.2075396118e-02 2.2075396118e-02 3.1432703934e-16 2.2075396118e-02
26.9000000000 2.4825098407e-02 2.4825098407e-02 2.7951123457e-16 2.4825098407e-02
27.0000000000 2.7344842550e-02 2.7344842550e-02 2.5375512371e-16 2.7344842550e-02
27.1000000000 2.9614819516e-02 2.9614819516e-02 0.0000000000e+00 2.9614819516e-02
27.2000000000 3.1617413957e-02 3.1617413957e-02 0.0000000000e+00 3.1617413957e-02
27.3000000000 3.3337345138e-02 3.3337345138e-02 2.0814176640e-16 3.3337345138e-02
27.4000000000 3.4761787861e-02 3.4761787861e-02 1.9961268769e-16 3.4761787861e-02
27.5000000000 3.5880472362e-02 3.5880472362e-02 0.0000000000e+00 3.5880472362e-02
27.6000000000 3.6685762350e-02 3.6685762350e-02 3.7828811285e-16 3.6685762350e-02
27.7000000000 3.7172710549e-02 3.7172710549e-02 7.4666536838e-16 3.7172710549e-02
27.8000000000 3.7339091291e-02 3.7339091291e-02 9.2917284058e-17 3.7339091291e-02
27.9000000000 3.7185409907e-02 3.7185409907e-02 0.0000000000e+00 3.7185409907e-02
28.0000000000 3.6714888848e-02 3.6714888848e-02 2.8349100821e-16 3.6714888848e-02
28.1000000000 3.5933430709e-02 3.5933430709e-02 2.6069057659e-15 3.5933430709e-02
28.2000000000 3.4849558462e-02 3.4849558462e-02 3.2853142039e-15 3.4849558462e-02
28.3000000000 3.3474333475e-02 3.3474333475e-02 6.6332793480e-15 3.3474333475e-02
28.4000000000 3.1821252017e-02 3.1821252017e-02 2.3986432998e-15 3.1821252017e-02
28.5000000000 2.9906121192e-02 2.9906121192e-02 1.7981746081e-15 2.9906121192e-02
28.6000000000 2.7746915367e-02 2.7746915367e-02 6.2519507234e-17 2.7746915367e-02
28.7000000000 2.5363614385e-02 2.5363614385e-02 7.5233592288e-16 2.5363614385e-02
28.8000000000 2.2778024961e-02 2.2778024961e-02 9.9005094718e-16 2.2778024961e-02
28.9000000000 2.0013586834e-02 2.0013586834e-02 1.7335458060e-16 2.0013586834e-02
29.0000000000 1.7095165365e-02 1.7095165365e-02 7.1032154836e-16 1.7095165365e-02
29.1000000000 1.4048832398e-02 1.4048832398e-02 1.2965203073e-15 1.4048832398e-02
29.2000000000 1.0901637294e-02 1.0901637294e-02 1.5912504051e-16 1.0901637294e-02
29.3000000000 7.6813701307e-03 7.6813701307e-03 4.4037856797e-15 7.6813701307e-03
29.4000000000 4.4163191404e-03 4.4163191404e-03 6.9721731423e-15 4.4163191404e-03
29.5000000000 1.1350244871e-03 1.1350244871e-03 2.7414917215e-14 1.1350244871e-03
29.6000000000 -2.1339694672e-03 -2.1339694672e-03 7.9258649905e-15 -2.1339694672e-03
29.7000000000 -5.3623612554e-03 -5.3623612554e-03 1.1241622472e-14 -5.3623612554e-03
29.8000000000 -8.5223366129e-03 -8.5223366129e-03 5.3940807787e-15 -8.5223366129e-03
29.9000000000 -1.1586807877e-02 -1.1586807877e-02 5.2400386979e-15 -1.1586807877e-02
30.0000000000 -1.4529646404e-02 -1.4529646404e-02 6.8650397330e-15 -1.4529646404e-02
30.1000000000 -1.7325905995e-02 -1.7325905995e-02 8.2100944720e-15 -1.7325905995e-02
30.2000000000 -1.9952035391e-02 -1.9952035391e-02 9.1291921556e-15 -1.9952035391e-02
30.3000000000 -2.2386078011e-02 -2.2386078011e-02 9.9188703272e-15 -2.2386078011e-02
30.4000000000 -2.4607857212e-02 -2.4607857212e-02 1.3253003327e-14 -2.4607857212e-02
30.5000000000 -2.6599145471e-02 -2.6599145471e-02 1.7673878377e-14 -2.6599145471e-02
30.6000000000 -2.8343816058e-02 -2.8343816058e-02 2.3685518698e-14 -2.8343816058e-02
30.7000000000 -2.9827975885e-02 -2.9827975885e-02 3.2335625332e-14 -2.9827975885e-02
30.8000000000 -3.1040078427e-02 -3.1040078427e-02 4.6721171446e-14 -3.1040078427e-02
30.9000000000 -3.1971015749e-02 -3.1971015749e-02 6.8692216031e-14 -3.1971015749e-02
31.0000000000 -3.2614188884e-02 -3.2614188884e-02 1.0669758813e-13 -3.2614188884e-02
31.1000000000 -3.2965555990e-02 -3.2965555990e-02 1.7733716112e-13 -3.2965555990e-02
31.2000000000 -3.3023657903e-02 -3.3023657903e-02 3.3062205252e-13 -3.3023657903e-02
31.3000000000 -3.2789620922e-02 -3.2789620922e-02 7.9970671589e-13 -3.2789620922e-02
31.4000000000 -3.2267136837e-02 -3.2267136837e-02 7.6350734140e-12 -3.2267136837e-02
31.5000000000 -3.1462420442e-02 -3.1462420442e-02 1.9077182056e-12 -3.1462420442e-02
31.6000000000 -3.0384144949e-02 -3.0384144949e-02 1.1656687811e-12 -3.0384144949e-02
31.7000000000 -2.9043355924e-02 -2.9043355924e-02 1.0223173621e-12 -2.9043355924e-02
31.8000000000 -2.7453364555e-02 -2.7453364555e-02 1.0374207493e-12 -2.7453364555e-02
31.9000000000 -2.5629621252e-02 -2.5629621252e-02 1.1463693210e-12 -2.5629621252e-02
32.0000000000 -2.3589570726e-02 -2.3589570726e-02 1.3450050763e-12 -2.3589570726e-02
32.1000000000 -2.1352489891e-02 -2.1352489891e-02 1.6583972406e-12 -2.1352489891e-02
32.2000000000 -1.8939310055e-02 -1.8939310055e-02 2.1350515994e-12 -1.8939310055e-02
32.3000000000 -1.6372425019e-02 -1.6372425019e-02 2.8750610533e-12 -1.6372425019e-02
32.4000000000 -1.3675486822e-02 -1.3675486822e-02 4.0697003334e-12 -1.3675486822e-02
32.5000000000 -1.0873190970e-02 -1.0873190970e-02 6.1306951380e-12 -1.0873190970e-02
32.6000000000 -7.9910530861e-03 -7.9910530863e-03 1.0106526046e-11 -7.9910530863e-03
32.7000000000 -5.0551789985e-03 -5.0551789987e-03 1.9563848045e-11 -5.0551789987e-03
32.8000000000 -2.0920303074e-03 -2.0920303076e-03 5.8453612701e-11 -2.0920303076e-03
32.9000000000 8.7181244907e-04 8.7181244877e-04 1.7499914831e-10 8.7181244877e-04
33.0000000000 3.8098869259e-03 3.8098869255e-03 5.0408929182e-11 3.8098869255e-03
33.1000000000 6.6960842797e-03 6.6960842792e-03 3.6423294112e-11 6.6960842792e-03
33.2000000000 9.5048805610e-03 9.5048805603e-03 3.2876114959e-11 9.5048805603e-03
33.3000000000 1.2211562133e-02 1.2211562132e-02 3.3091264089e-11 1.2211562132e-02
33.4000000000 1.4792443121e-02 1.4792443120e-02 3.5673873777e-11 1.4792443120e-02
33.5000000000 1.7225072965e-02 1.7225072964e-02 4.0440085066e-11 1.7225072964e-02
33.6000000000 1.9488432246e-02 1.9488432244e-02 4.7750836369e-11 1.9488432244e-02
33.7000000000 2.1563115070e-02 2.1563115068e-02 5.8457125876e-11 2.1563115068e-02
33.8000000000 2.3431496399e-02 2.3431496396e-02 7.4070331029e-11 2.3431496396e-02
33.9000000000 2.5077882879e-02 2.5077882874e-02 9.7227561446e-11 2.5077882874e-02
34.0000000000 2.6488645855e-02 2.6488645848e-02 1.3270324122e-10 2.6488645848e-02
34.1000000000 2.7652335423e-02 2.7652335412e-02 1.8980205404e-10 2.7652335412e-02
34.2000000000 2.8559774545e-02 2.8559774529e-02 2.8881053619e-10 2.8559774529e-02
34.3000000000 2.9204132450e-02 2.9204132421e-02 4.8263026736e-10 2.9204132421e-02
34.4000000000 2.9580976695e-02 2.9580976638e-02 9.6089576448e-10 2.9580976638e-02
34.5000000000 2.9688303565e-02 2.9688303373e-02 3.2413326828e-09 2.9688303373e-02
34.6000000000 2.9526545515e-02 2.9526545838e-02 5.4670551376e-09 2.9526545838e-02
34.7000000000 2.9098560545e-02 2.9098560664e-02 2.0535651117e-09 2.9098560664e-02
34.8000000000 2.8409592432e-02 2.8409592519e-02 1.5378679766e-09 2.8409592519e-02
34.9000000000 2.7467217242e-02 2.7467217319e-02 1.4044211300e-09 2.7467217319e-02
35.0000000000 2.6281264529e-02 2.6281264604e-02 1.4199522174e-09 2.6281264604e-02
35.1000000000 2.4863719769e-02 2.4863719845e-02 1.5336864199e-09 2.4863719845e-02
35.2000000000 2.3228607529e-02 2.3228607609e-02 1.7406630705e-09 2.3228607609e-02
35.3000000000 2.1391856612e-02 2.1391856700e-02 2.0589888949e-09 2.1391856700e-02
35.4000000000 1.9371148445e-02 1.9371148543e-02 2.5292362754e-09 1.9371148543e-02
35.5000000000 1.7185750123e-02 1.7185750234e-02 3.2252733155e-09 1.7185750234e-02
35.6000000000 1.4856333680e-02 1.4856333807e-02 4.2813968862e-09 1.4856333807e-02
35.7000000000 1.2404783245e-02 1.2404783393e-02 5.9569149187e-09 1.2404783393e-02
35.8000000000 9.8539918862e-03 9.8539920597e-03 8.8081582228e-09 9.8539920597e-03
35.9000000000 7.2276499897e-03 7.2276501956e-03 1.4248103559e-08 7.2276501956e-03
36.0000000000 4.5500271443e-03 4.5500273909e-03 2.7107992056e-08 4.5500273909e-03
36.1000000000 1.8457495084e-03 1.8457498065e-03 8.0767013589e-08 1.8457498065e-03
36.2000000000 -8.6042529357e-04 -8.6042492999e-04 2.1128071596e-07 -8.6042492999e-04
36.3000000000 -3.5438336971e-03 -3.5438332497e-03 6.3118521366e-08 -3.5438332497e-03
36.4000000000 -6.1801300935e-03 -6.1801295380e-03 4.4946009626e-08 -6.1801295380e-03
36.5000000000 -8.7455070645e-03 -8.7455063679e-03 3.9826600436e-08 -8.7455063679e-03
36.6000000000 -1.1216909962e-02 -1.1216909079e-02 3.9345236352e-08 -1.1216909079e-02
36.7000000000 -1.3572243896e-02 -1.3572242765e-02 4.1680617184e-08 -1.3572242765e-02
36.8000000000 -1.5790571270e-02 -1.5790569801e-02 4.6526169438e-08 -1.5790569801e-02
36.9000000000 -1.7852298090e-02 -1.7852296152e-02 5.4269942079e-08 -1.7852296152e-02
37.0000000000 -1.9739347381e-02 -1.9739344778e-02 6.5934963272e-08 -1.9739344778e-02
37.1000000000 -2.1435318189e-02 -2.1435314610e-02 8.3487711883e-08 -2.1435314610e-02
37.2000000000 -2.2925628751e-02 -2.2925623675e-02 1.1068672405e-07 -2.2925623675e-02
37.3000000000 -2.4197642636e-02 -2.4197635120e-02 1.5529463674e-07 -2.4197635120e-02
37.4000000000 -2.5240776930e-02 -2.5240765027e-02 2.3579028334e-07 -2.5240765027e-02
37.5000000000 -2.6046592367e-02 -2.6046571093e-02 4.0837690948e-07 -2.6046571093e-02
37.6000000000 -2.6608872386e-02 -2.6608821423e-02 9.5763448931e-07 -2.6608821423e-02
37.7000000000 -2.6916747519e-02 -2.6923542852e-02 1.2621278484e-04 -2.6923542852e-02
37.8000000000 -2.6988976766e-02 -2.6989048443e-02 1.3279055694e-06 -2.6989048443e-02
37.9000000000 -2.6805900718e-02 -2.6805943937e-02 8.0614876189e-07 -2.6805943937e-02
38.0000000000 -2.6377078463e-02 -2.6377113187e-02 6.5822402239e-07 -2.6377113187e-02
38.1000000000 -2.5707651327e-02 -2.5707682763e-02 6.1142222570e-07 -2.5707682763e-02
38.2000000000 -2.4804935691e-02 -2.4804966112e-02 6.1320740745e-07 -2.4804966112e-02
38.3000000000 -2.3678357114e-02 -2.3678387851e-02 6.4903415903e-07 -2.3678387851e-02
38.4000000000 -2.2339356925e-02 -2.2339388945e-02 7.1667669368e-07 -2.2339388945e-02
38.5000000000 -2.0801279568e-02 -2.0801313710e-02 8.2065086948e-07 -2.0801313710e-02
38.6000000000 -1.9079242629e-02 -1.9079279711e-02 9.7177840380e-07 -1.9079279711e-02
38.7000000000 -1.7189990934e-02 -1.7190031830e-02 1.1895477563e-06 -1.7190031830e-02
38.8000000000 -1.5151736171e-02 -1.5151781871e-02 1.5080712068e-06 -1.5151781871e-02
38.9000000000 -1.2983983570e-02 -1.2984035232e-02 1.9894422641e-06 -1.2984035232e-02
39.0000000000 -1.0707347265e-02 -1.0707406283e-02 2.7559443725e-06 -1.0707406283e-02
39.1000000000 -8.3433560867e-03 -8.3434241688e-03 4.0800010532e-06 -8.3434241688e-03
39.2000000000 -5.9142515987e-03 -5.9143308694e-03 6.7016256205e-06 -5.9143308694e-03
39.3000000000 -3.4427802562e-03 -3.4428733921e-03 1.3526084298e-05 -3.4428733921e-03
39.4000000000 -9.5198161765e-04 -9.5209203299e-04 5.7989005376e-05 -9.5209203299e-04
39.5000000000 1.5350254342e-03 1.5348933286e-03 4.3032257461e-05 1.5348933286e-03
39.6000000000 3.9952564996e-03 3.9950969271e-03 1.9970643391e-05 3.9950969271e-03
39.7000000000 6.4060735474e-03 6.4058788255e-03 1.5198461308e-05 6.4058788255e-03
39.8000000000 8.7453929715e-03 8.7451527013e-03 1.3737149316e-05 8.7451527013e-03
39.9000000000 1.0991887987e-02 1.0991587796e-02 1.3655285797e-05 1.0991587796e-02
40.0000000000 1.3125183665e-02 1.3124803183e-02 1.4494573793e-05 1.3124803183e-02
40.1000000000 1.5126043142e-02 1.5125552574e-02 1.6216247954e-05 1.5125552574e-02
40.2000000000 1.6976544005e-02 1.6975898002e-02 1.9026697814e-05 1.6975898002e-02
40.3000000000 1.8660245000e-02 1.8659370786e-02 2.3425065746e-05 1.8659370786e-02
40.4000000000 2.0162346400e-02 2.0161118348e-02 3.0455017155e-05 2.0161118348e-02
40.5000000000 2.1469858802e-02 2.1468035557e-02 4.2462368167e-05 2.1468035557e-02
40.6000000000 2.2571848716e-02 2.2568879430e-02 6.5778437152e-05 2.2568879430e-02
40.7000000000 2.3460224888e-02 2.3454366187e-02 1.2488014247e-04 2.3454366187e-02
40.8000000000 2.4140676975e-02 2.4117249814e-02 4.8545727918e-04 2.4117249814e-02
40.9000000000 2.4533780187e-02 2.4552381450e-02 3.7895127242e-04 2.4552381450e-02
41.0000000000 2.4748704314e-02 2.4756749134e-02 1.6250370156e-04 2.4756749134e-02
41.1000000000 2.4723743777e-02 2.4729497571e-02 1.1634817193e-04 2.4729497571e-02
41.2000000000 2.4467082346e-02 2.4471927827e-02 9.9010608284e-05 2.4471927827e-02
41.3000000000 2.3983043149e-02 2.3987476997e-02 9.2428604366e-05 2.3987476997e-02
41.4000000000 2.3277408464e-02 2.3281678104e-02 9.1703681471e-05 2.3281678104e-02
41.5000000000 2.2357842508e-02 2.2362100667e-02 9.5218325543e-05 2.2362100667e-02
41.6000000000 2.1233914300e-02 2.1238272545e-02 1.0261410112e-04 2.1238272545e-02
41.7000000000 1.9917031855e-02 1.9921583847e-02 1.1426080474e-04 1.9921583847e-02
41.8000000000 1.8420340216e-02 1.8425173847e-02 1.3118641703e-04 1.8425173847e-02
41.9000000000 1.6758597016e-02 1.6763802023e-02 1.5526954167e-04 1.6763802023e-02
42.0000000000 1.4948030700e-02 1.4953704463e-02 1.8974694352e-04 1.4953704463e-02
42.1000000000 1.3006184167e-02 1.3012437013e-02 2.4032192557e-04 1.3012437013e-02
42.2000000000 1.0951745838e-02 1.0958706682e-02 3.1769516299e-04 1.0958706682e-02
42.3000000000 8.8043699060e-03 8.8121929061e-03 4.4407074305e-04 8.8121929061e-03
42.4000000000 6.5844874402e-03 6.5933603577e-03 6.7332068126e-04 6.5933603577e-03
42.5000000000 4.3131098872e-03 4.3232650913e-03 1.1758641886e-03 4.3232650913e-03
42.6000000000 2.0116264373e-03 2.0233558366e-03 2.9069270960e-03 2.0233558366e-03
42.7000000000 -2.9840355235e-04 -2.8472768449e-04 2.3452470049e-02 -2.8472768449e-04
42.8000000000 -2.5954623223e-03 -2.5793575282e-03 3.1121458575e-03 -2.5793575282e-03
42.9000000000 -4.8582897674e-03 -4.8391194909e-03 1.9768451563e-03 -4.8391194909e-03
43.0000000000 -7.0661055432e-03 -7.0430123801e-03 1.6367545635e-03 -7.0430123801e-03
43.1000000000 -9.1988423358e-03 -9.1706427418e-03 1.5351325260e-03 -9.1706427418e-03
43.2000000000 -1.1237402609e-02 -1.1202413240e-02 1.5592538532e-03 -1.1202413240e-02
43.3000000000 -1.3163967849e-02 -1.3119702949e-02 1.6841216936e-03 -1.3119702949e-02
43.4000000000 -1.4962431866e-02 -1.4905037893e-02 1.9216215071e-03 -1.4905037893e-02
43.5000000000 -1.6619152048e-02 -1.6542250285e-02 2.3190141904e-03 -1.6542250285e-02
43.6000000000 -1.8124624623e-02 -1.8016624984e-02 2.9882652092e-03 -1.8016624984e-02
43.7000000000 -1.9478429484e-02 -1.9315031872e-02 4.2119884728e-03 -1.9315031872e-02
43.8000000000 -2.0710253651e-02 -2.0426042930e-02 6.9090011764e-03 -2.0426042930e-02
43.9000000000 -2.2058815317e-02 -2.1340032982e-02 1.6562244455e-02 -2.1340032982e-02
44.0000000000 -1.8933205008e-02 -2.2049263206e-02 7.6033931921e-02 -2.2049263206e-02
44.1000000000 -2.1950037977e-02 -2.2547946686e-02 1.3436759308e-02 -2.2547946686e-02
44.2000000000 -2.2463743611e-02 -2.2832295451e-02 8.1365136383e-03 -2.2832295451e-02
44.3000000000 -2.2613897038e-02 -2.2900548606e-02 6.2980349189e-03 -2.2900548606e-02
44.4000000000 -2.2505383475e-02 -2.2752981374e-02 5.4707654497e-03 -2.2752981374e-02
44.5000000000 -2.2164639301e-02 -2.2391894993e-02 5.1003897828e-03 -2.2391894993e-02
44.6000000000 -2.1604444970e-02 -2.1821587649e-02 5.0002882148e-03 -2.1821587649e-02
44.7000000000 -2.0834719002e-02 -2.1048306764e-02 5.0996258683e-03 -2.1048306764e-02
44.8000000000 -1.9865361396e-02 -2.0080183144e-02 5.3778650620e-03 -2.0080183144e-02
44.9000000000 -1.8707177529e-02 -1.8927147676e-02 5.8449339836e-03 -1.8927147676e-02
45.0000000000 -1.7372186131e-02 -1.7600831384e-02 6.5377616602e-03 -1.7600831384e-02
45.1000000000 -1.5873684304e-02 -1.6114449867e-02 7.5267147999e-03 -1.6114449867e-02
45.2000000000 -1.4226197958e-02 -1.4482673229e-02 8.9336592064e-03 -1.4482673229e-02
45.3000000000 -1.2445367709e-02 -1.2721482777e-02 1.0971379522e-02 -1.2721482777e-02
45.4000000000 -1.0547791054e-02 -1.0848015877e-02 1.4031946687e-02 -1.0848015877e-02
45.5000000000 -8.5508286468e-03 -8.8804004619e-03 1.8906975121e-02 -8.8804004619e-03
45.6000000000 -6.4723751482e-03 -6.8375807812e-03 2.7438530595e-02 -6.8375807812e-03
45.7000000000 -4.3305889445e-03 -4.7391360529e-03 4.5045148399e-02 -4.7391360529e-03
45.8000000000 -2.1435672661e-03 -2.6050937557e-03 9.7190868655e-02 -2.6050937557e-03
45.9000000000 7.1059006520e-05 -4.5573932851e-04 1.0000000000e+00 -4.5573932851e-04
46.0000000000 2.2966585416e-03 1.6885759176e-03 1.5258390195e-01 1.6885759176e-03
46.1000000000 4.5183507128e-03 3.8076268609e-03 8.5362210689e-02 3.8076268609e-03
46.2000000000 6.7241512860e-03 5.8815047953e-03 6.6846698436e-02 5.8815047953e-03
46.3000000000 8.9068792564e-03 7.8908040342e-03 6.0489009382e-02 7.8908040342e-03
46.4000000000 1.1067643547e-02 9.8168031458e-03 5.9893394328e-02 9.8168031458e-03
46.5000000000 1.3222916811e-02 1.1641639127e-02 6.3595653496e-02 1.1641639127e-02
46.6000000000 1.5420756436e-02 1.3348472899e-02 7.2031249524e-02 1.3348472899e-02
46.7000000000 1.7784359168e-02 1.4921644581e-02 8.7528718224e-02 1.4921644581e-02
46.8000000000 2.0658784259e-02 1.6346817128e-02 1.1652201206e-01 1.6346817128e-02
46.9000000000 2.5334769043e-02 1.7611106990e-02 1.7984641990e-01 1.7611106990e-02
47.0000000000 4.3058898128e-02 1.8703200617e-02 3.9434698634e-01 1.8703200617e-02
47.1000000000 -9.5313414952e-03 1.9613455755e-02 1.0000000000e+00 1.9613455755e-02
47.2000000000 1.0092070278e-02 2.0333986601e-02 3.3661661660e-01 2.0333986601e-02
47.3000000000 1.4188677816e-02 2.0858732098e-02 1.9031518444e-01 2.0858732098e-02
47.4000000000 1.5979433797e-02 2.1183506744e-02 1.4003393896e-01 2.1183506744e-02
47.5000000000 1.6867512364e-02 2.1306033512e-02 1.1627217345e-01 2.1306033512e-02
47.6000000000 1.7230434151e-02 2.1225958610e-02 1.0389753619e-01 2.1225958610e-02
47.7000000000 1.7213244877e-02 2.0944848013e-02 9.7793229528e-02 2.0944848013e-02
47.8000000000 1.6885042257e-02 2.0466165840e-02 9.5877048304e-02 2.0466165840e-02
47.9000000000 1.6284607231e-02 1.9795234843e-02 9.7301634651e-02 1.9795234843e-02
48.0000000000 1.5437025850e-02 1.8939179450e-02 1.0187725983e-01 1.8939179450e-02
48.1000000000 1.4360647425e-02 1.7906851926e-02 1.0990019595e-01 1.7906851926e-02
48.2000000000 1.3070226947e-02 1.6708742436e-02 1.2218406360e-01 1.6708742436e-02
48.3000000000 1.1578332634e-02 1.5356873883e-02 1.4028261660e-01 1.5356873883e-02
48.4000000000 9.8958378786e-03 1.3864682579e-02 1.6703525951e-01 1.3864682579e-02
48.5000000000 8.0318227507e-03 1.2246885926e-02 2.0785658705e-01 1.2246885926e-02
48.6000000000 5.9929746026e-03 1.0519338380e-02 2.7412051733e-01 1.0519338380e-02
48.7000000000 3.7824193528e-03 8.6988771233e-03 3.9390601608e-01 8.6988771233e-03
48.8000000000 1.3977433025e-03 6.8031589253e-03 6.5912450516e-01 6.8031589253e-03
48.9000000000 -1.1723096830e-03 4.8504897634e-03 1.0000000000e+00 4.8504897634e-03
49.0000000000 -3.9535203600e-03 2.8596488510e-03 1.0000000000e+00 2.8596488510e-03
49.1000000000 -6.9964971749e-03 8.4970875060e-04 1.0000000000e+00 8.4970875060e-04
49.2000000000 -1.0396717505e-02 -1.1601467068e-03 7.9922811490e-01 -1.1601467068e-03
49.3000000000 -1.4337195754e-02 -3.1508049622e-03 6.3966092942e-01 -3.1508049622e-03
49.4000000000 -1.9190782152e-02 -5.1034059967e-03 5.7986610086e-01 -5.1034059967e-03
49.5000000000 -2.5809417596e-02 -6.9995206096e-03 5.7331623682e-01 -6.9995206096e-03
49.6000000000 -3.6574839131e-02 -8.8213240248e-03 6.1136257289e-01 -8.8213240248e-03
49.7000000000 -6.1381574877e-02 -1.0551763190e-02 7.0662384165e-01 -1.0551763190e-02
49.8000000000 -2.5276486953e-01 -1.2174716200e-02 9.0809439694e-01 -1.2174716200e-02
49.9000000000 8.1853552036e-02 -1.3675142357e-02 1.0000000000e+00 -1.3675142357e-02
50.0000000000 2.6348257592e-02 -1.5039221463e-02 1.0000000000e+00 -1.5039221463e-02
50.1000000000 1.0846682572e-02 -1.6254481065e-02 1.0000000000e+00 -1.6254481065e-02
50.2000000000 3.2396867464e-03 -1.7309910468e-02 1.0000000000e+00 -1.7309910468e-02
50.3000000000 -1.3742816721e-03 -1.8196060484e-02 8.5955466071e-01 -1.8196060484e-02
50.4000000000 -4.4649675584e-03 -1.8905128005e-02 6.1789051771e-01 -1.8905128005e-02
50.5000000000 -6.6242074373e-03 -1.9431024640e-02 4.9152573903e-01 -1.9431024640e-02
50.6000000000 -8.1354826818e-03 -1.9769428823e-02 4.1691392354e-01 -1.9769428823e-02
50.7000000000 -9.1516762391e-03 -1.9917820935e-02 3.7035882084e-01 -1.9917820935e-02
50.8000000000 -9.7631160561e-03 -1.9875501156e-02 3.4118950380e-01 -1.9875501156e-02
50.9000000000 -1.0027517531e-02 -1.9643589945e-02 3.2408875945e-01 -1.9643589945e-02
51.0000000000 -9.9845624630e-03 -1.9225011179e-02 3.1635000323e-01 -1.9225011179e-02
51.1000000000 -9.6635524147e-03 -1.8624458174e-02 3.1677398207e-01 -1.8624458174e-02
51.2000000000 -9.0876530174e-03 -1.7848342957e-02 3.2524098785e-01 -1.7848342957e-02
51.3000000000 -8.2763319684e-03 -1.6904729330e-02 3.4265423762e-01 -1.6904729330e-02
51.4000000000 -7.2467737818e-03 -1.5803250408e-02 3.7121334692e-01 -1.5803250408e-02
51.5000000000 -6.0146735708e-03 -1.4555011458e-02 4.1519050366e-01 -1.4555011458e-02
51.6000000000 -4.5946212055e-03 -1.3172479026e-02 4.8279447456e-01 -1.3172479026e-02
51.7000000000 -3.0001823610e-03 -1.1669357430e-02 5.9096435147e-01 -1.1669357430e-02
51.8000000000 -1.2437165891e-03 -1.0060453845e-02 7.7995438121e-01 -1.0060453845e-02
51.9000000000 6.6408106372e-04 -8.3615333064e-03 1.0000000000e+00 -8.3615333064e-03
52.0000000000 2.7149882884e-03 -6.5891650260e-03 1.0000000000e+00 -6.5891650260e-03
52.1000000000 4.9045761408e-03 -4.7605615329e-03 1.0000000000e+00 -4.7605615329e-03
52.2000000000 7.2343633504e-03 -2.8934121819e-03 1.0000000000e+00 -2.8934121819e-03
52.3000000000 9.7154407865e-03 -1.0057126399e-03 1.0000000000e+00 -1.0057126399e-03
52.4000000000 1.2374883211e-02 8.8440801173e-04 8.6659799580e-01 8.8440801173e-04
52.5000000000 1.5267865404e-02 2.7588609015e-03 6.9391437416e-01 2.7588609015e-03
52.6000000000 1.8502553438e-02 4.5997700591e-03 6.0179156355e-01 4.5997700591e-03
52.7000000000 2.2297065035e-02 6.3896425282e-03 5.5452242024e-01 6.3896425282e-03
52.8000000000 2.7130309445e-02 8.1115342839e-03 5.3966459040e-01 8.1115342839e-03
52.9000000000 3.4236461993e-02 9.7492103830e-03 5.5670972586e-01 9.7492103830e-03
53.0000000000 4.7917771707e-02 1.1287297834e-02 6.1870502233e-01 1.1287297834e-02
53.1000000000 9.9842707075e-02 1.2711429750e-02 7.7412772007e-01 1.2711429750e-02
53.2000000000 -1.2190372256e-01 1.4008379429e-02 1.0000000000e+00 1.4008379429e-02
53.3000000000 -1.7809837795e-02 1.5166183115e-02 1.0000000000e+00 1.5166183115e-02
53.4000000000 -7.0707111639e-04 1.6174250299e-02 1.0000000000e+00 1.6174250299e-02
53.5000000000 6.7366996761e-03 1.7023460537e-02 4.3294156137e-01 1.7023460537e-02
53.6000000000 1.1043782930e-02 1.7706245911e-02 2.3173761031e-01 1.7706245911e-02
53.7000000000 1.3873255585e-02 1.8216658371e-02 1.3535102626e-01 1.8216658371e-02
53.8000000000 1.5840309668e-02 1.8550421379e-02 7.8803550510e-02 1.8550421379e-02
53.9000000000 1.7225768414e-02 1.8704965383e-02 4.1168014478e-02 1.8704965383e-02
54.0000000000 1.8176929543e-02 1.8679446854e-02 1.3634474136e-02 1.8679446854e-02
54.1000000000 1.8779782253e-02 1.8474750735e-02 8.1877692066e-03 1.8474750735e-02
54.2000000000 1.9089422873e-02 1.8093476334e-02 2.6785069510e-02 1.8093476334e-02
54.3000000000 1.9144397677e-02 1.7539906845e-02 4.3737801574e-02 1.7539906845e-02
54.4000000000 1.8974060856e-02 1.6819962839e-02 6.0180381920e-02 1.6819962839e-02
54.5000000000 1.8602597838e-02 1.5941140212e-02 7.7046022677e-02 1.5941140212e-02
54.6000000000 1.8051332390e-02 1.4912433232e-02 9.5222711916e-02 1.4912433232e-02
54.7000000000 1.7340094149e-02 1.3744243470e-02 1.1568046656e-01 1.3744243470e-02
54.8000000000 1.6488044349e-02 1.2448275525e-02 1.3960893581e-01 1.2448275525e-02
54.9000000000 1.5514175096e-02 1.1037420577e-02 1.6860585606e-01 1.1037420577e-02
55.0000000000 1.4437604609e-02 9.5256289349e-03 2.0497966876e-01 9.5256289349e-03
55.1000000000 1.3277741210e-02 7.9277728063e-03 2.5229138042e-01 7.9277728063e-03
55.2000000000 1.2054361289e-02 6.2595006635e-03 3.1641936806e-01 6.2595006635e-03
55.3000000000 1.0787630687e-02 4.5370846027e-03 4.0787355368e-01 4.5370846027e-03
55.4000000000 9.4980896527e-03 2.7772621935e-03 5.4750589176e-01 2.7772621935e-03
55.5000000000 8.2066161142e-03 9.9707434524e-04 7.8333162124e-01 9.9707434524e-04
55.6000000000 6.9343788333e-03 -7.8629923972e-04 1.0000000000e+00 -7.8629923972e-04
55.7000000000 5.7027903987e-03 -2.5557054433e-03 1.0000000000e+00 -2.5557054433e-03
55.8000000000 4.5334694721e-03 -4.2941823483e-03 1.0000000000e+00 -4.2941823483e-03
55.9000000000 3.4482220742e-03 -5.9851215190e-03 1.0000000000e+00 -5.9851215190e-03
56.0000000000 2.4690529941e-03 -7.6124263936e-03 1.0000000000e+00 -7.6124263936e-03
56.1000000000 1.6182207801e-03 -9.1606652808e-03 1.0000000000e+00 -9.1606652808e-03
56.2000000000 9.1835359127e-04 -1.0615217507e-02 1.0000000000e+00 -1.0615217507e-02
56.3000000000 3.9264910379e-04 -1.1962411333e-02 1.0000000000e+00 -1.1962411333e-02
56.4000000000 6.5190744388e-05 -1.3189652333e-02 1.0000000000e+00 -1.3189652333e-02
56.5000000000 -3.8573423597e-05 -1.4285541042e-02 9.9461419780e-01 -1.4285541042e-02
56.6000000000 1.0887925576e-04 -1.5239978762e-02 1.0000000000e+00 -1.5239978762e-02
56.7000000000 5.3819092180e-04 -1.6044260552e-02 1.0000000000e+00 -1.6044260552e-02
56.8000000000 1.2846651933e-03 -1.6691154540e-02 1.0000000000e+00 -1.6691154540e-02
56.9000000000 2.3905671197e-03 -1.7174966839e-02 1.0000000000e+00 -1.7174966839e-02
57.0000000000 3.9086145262e-03 -1.7491591483e-02 1.0000000000e+00 -1.7491591483e-02
57.1000000000 5.9074076316e-03 -1.7638544944e-02 1.0000000000e+00 -1.7638544944e-02
57.2000000000 8.4801384300e-03 -1.7614984947e-02 1.0000000000e+00 -1.7614984947e-02
57.3000000000 1.1759108168e-02 -1.7421713440e-02 1.0000000000e+00 -1.7421713440e-02
57.4000000000 1.5941097054e-02 -1.7061163751e-02 1.0000000000e+00 -1.7061163751e-02
57.5000000000 2.1334363198e-02 -1.6537372076e-02 1.0000000000e+00 -1.6537372076e-02
57.6000000000 2.8452325075e-02 -1.5855933640e-02 1.0000000000e+00 -1.5855933640e-02
57.7000000000 3.8218761299e-02 -1.5023943991e-02 1.0000000000e+00 -1.5023943991e-02
57.8000000000 5.2477788046e-02 -1.4049926021e-02 1.0000000000e+00 -1.4049926021e-02
57.9000000000 7.5510677448e-02 -1.2943743475e-02 1.0000000000e+00 -1.2943743475e-02
58.0000000000 1.2001656146e-01 -1.1716501809e-02 1.0000000000e+00 -1.1716501809e-02
58.1000000000 2.4764063879e-01 -1.0380437387e-02 1.0000000000e+00 -1.0380437387e-02
58.2000000000 6.8969473305e+00 -8.9487961189e-03 1.0000000000e+00 -8.9487961189e-03
58.3000000000 -2.8393696839e-01 -7.4357027376e-03 9.4896087743e-01 -7.4357027376e-03
58.4000000000 -1.4053278266e-01 -5.8560220002e-03 9.1999358129e-01 -5.8560220002e-03
58.5000000000 -9.2727157772e-02 -4.2252131705e-03 9.1283940497e-01 -4.2252131705e-03
58.6000000000 -6.8094044033e-02 -2.5591792061e-03 9.2755661840e-01 -2.5591792061e-03
58.7000000000 -5.2612886303e-02 -8.7411211525e-04 9.6731496846e-01 -8.7411211525e-04
58.8000000000 -4.1681701136e-02 8.1366401539e-04 1.0000000000e+00 8.1366401539e-04
58.9000000000 -3.3352087132e-02 2.4878508034e-03 1.0000000000e+00 2.4878508034e-03
59.0000000000 -2.6662506842e-02 4.1323326412e-03 1.0000000000e+00 4.1323326412e-03
59.1000000000 -2.1087406436e-02 5.7313315441e-03 1.0000000000e+00 5.7313315441e-03
59.2000000000 -1.6318057152e-02 7.2695582885e-03 1.0000000000e+00 7.2695582885e-03
59.3000000000 -1.2163281827e-02 8.7323583952e-03 1.0000000000e+00 8.7323583952e-03
59.4000000000 -8.4999118230e-03 1.0105851565e-02 1.0000000000e+00 1.0105851565e-02
59.5000000000 -5.2461213869e-03 1.1377063241e-02 1.0000000000e+00 1.1377063241e-02
59.6000000000 -2.3461742131e-03 1.2534047050e-02 1.0000000000e+00 1.2534047050e-02
59.7000000000 2.3875185339e-04 1.3565996970e-02 9.6541018508e-01 1.3565996970e-02
59.8000000000 2.5363220717e-03 1.4463348172e-02 7.0160337991e-01 1.4463348172e-02
59.9000000000 4.5667890688e-03 1.5217865587e-02 5.3835038840e-01 1.5217865587e-02
60.0000000000 6.3455030609e-03 1.5822719394e-02 4.2751358853e-01 1.5822719394e-02
60.1000000000 7.8846381203e-03 1.6272546719e-02 3.4722210615e-01 1.6272546719e-02
60.2000000000 9.1944040565e-03 1.6563499002e-02 2.8609063901e-01 1.6563499002e-02
60.3000000000 1.0283910532e-02 1.6693274610e-02 2.3758461249e-01 1.6693274610e-02
60.4000000000 1.1161789338e-02 1.6661136422e-02 1.9765524054e-01 1.6661136422e-02
60.5000000000 1.1836643906e-02 1.6467914254e-02 1.6362277487e-01 1.6467914254e-02
60.6000000000 1.2317372188e-02 1.6115992158e-02 1.3359727409e-01 1.6115992158e-02
60.7000000000 1.2613394407e-02 1.5609280736e-02 1.0615174902e-01 1.5609280736e-02
60.8000000000 1.2734807699e-02 1.4953174802e-02 8.0120214708e-02 1.4953174802e-02
60.9000000000 1.2692483352e-02 1.4154496823e-02 5.4457278311e-02 1.4154496823e-02
61.0000000000 1.2498118168e-02 1.3221426734e-02 2.8122914641e-02 1.3221426734e-02
61.1000000000 1.2164248585e-02 1.2163418841e-02 3.4107023602e-05 1.2163418841e-02
61.2000000000 1.1704234226e-02 1.0991106647e-02 3.1421761088e-02 1.0991106647e-02
61.3000000000 1.1132216193e-02 9.7161965602e-03 6.7919781212e-02 9.7161965602e-03
61.4000000000 1.0463054464e-02 8.3513515324e-03 1.1223861823e-01 8.3513515324e-03
61.5000000000 9.7122480814e-03 6.9100657894e-03 1.6857955600e-01 6.9100657894e-03
61.6000000000 8.8958413615e-03 5.4065318814e-03 2.4396716691e-01 5.4065318814e-03
61.7000000000 8.0303190383e-03 3.8555013622e-03 3.5124354360e-01 3.8555013622e-03
61.8000000000 7.1324930108e-03 2.2721404613e-03 5.1680403749e-01 2.2721404613e-03
61.9000000000 6.2193832359e-03 6.7188215620e-04 8.0500470727e-01 6.7188215620e-04
62.0000000000 5.3080952042e-03 -9.2972391429e-04 1.0000000000e+00 -9.2972391429e-04
62.1000000000 4.4156963956e-03 -2.5171622386e-03 1.0000000000e+00 -2.5171622386e-03
62.2000000000 3.5590941024e-03 -4.0751014638e-03 1.0000000000e+00 -4.0751014638e-03
62.3000000000 2.7549170435e-03 -5.5885422208e-03 1.0000000000e+00 -5.5885422208e-03
62.4000000000 2.0194032723e-03 -7.0429613197e-03 1.0000000000e+00 -7.0429613197e-03
62.5000000000 1.3682970134e-03 -8.4244509304e-03 1.0000000000e+00 -8.4244509304e-03
62.6000000000 8.1675727498e-04 -9.7198514171e-03 1.0000000000e+00 -9.7198514171e-03
62.7000000000 3.7928138773e-04 -1.0916876557e-02 1.0000000000e+00 -1.0916876557e-02
62.8000000000 6.9647072512e-05 -1.2004229953e-02 1.0000000000e+00 -1.2004229953e-02
62.9000000000 -9.9122710736e-05 -1.2971711542e-02 9.8483299401e-01 -1.2971711542e-02
63.0000000000 -1.1476693867e-04 -1.3810313188e-02 9.8351651299e-01 -1.3810313188e-02
63.1000000000 3.4240839272e-05 -1.4512302468e-02 1.0000000000e+00 -1.4512302468e-02
63.2000000000 3.5876297179e-04 -1.5071293872e-02 1.0000000000e+00 -1.5071293872e-02
63.3000000000 8.6912281024e-04 -1.5482306768e-02 1.0000000000e+00 -1.5482306768e-02
63.4000000000 1.5753003941e-03 -1.5741809590e-02 1.0000000000e+00 -1.5741809590e-02
63.5000000000 2.4872213634e-03 -1.5847749874e-02 1.0000000000e+00 -1.5847749874e-02
63.6000000000 3.6151720656e-03 -1.5799569887e-02 1.0000000000e+00 -1.5799569887e-02
63.7000000000 4.9703900375e-03 -1.5598207730e-02 1.0000000000e+00 -1.5598207730e-02
63.8000000000 6.5659050809e-03 -1.5246083946e-02 1.0000000000e+00 -1.5246083946e-02
63.9000000000 8.4177490439e-03 -1.4747073806e-02 1.0000000000e+00 -1.4747073806e-02
64.0000000000 1.0546725146e-02 -1.4106465573e-02 1.0000000000e+00 -1.4106465573e-02
64.1000000000 1.2981055145e-02 -1.3330905195e-02 1.0000000000e+00 -1.3330905195e-02
64.2000000000 1.5760454661e-02 -1.2428327986e-02 1.0000000000e+00 -1.2428327986e-02
64.3000000000 1.8942628294e-02 -1.1407878007e-02 1.0000000000e+00 -1.1407878007e-02
64.4000000000 2.2614059747e-02 -1.0279815948e-02 1.0000000000e+00 -1.0279815948e-02
64.5000000000 2.6908852010e-02 -9.0554164424e-03 1.0000000000e+00 -9.0554164424e-03
64.6000000000 3.2043675430e-02 -7.7468558348e-03 1.0000000000e+00 -7.7468558348e-03
64.7000000000 3.8387656542e-02 -6.3670915128e-03 1.0000000000e+00 -6.3670915128e-03
64.8000000000 4.6616276235e-02 -4.9297340005e-03 1.0000000000e+00 -4.9297340005e-03
64.9000000000 5.8096898049e-02 -3.4489130674e-03 1.0000000000e+00 -3.4489130674e-03
65.0000000000 7.6049417282e-02 -1.9391391708e-03 1.0000000000e+00 -1.9391391708e-03
65.1000000000 1.1021785707e-01 -4.1516158399e-04 1.0000000000e+00 -4.1516158399e-04
65.2000000000 2.1004834364e-01 1.1081754023e-03 9.8950375383e-01 1.1081754023e-03
65.3000000000 -1.1382342063e+01 2.6160768073e-03 1.0000000000e+00 2.6160768073e-03
65.4000000000 -1.6844612141e-01 4.0939404150e-03 1.0000000000e+00 4.0939404150e-03
65.5000000000 -7.3540154913e-02 5.5274979667e-03 1.0000000000e+00 5.5274979667e-03
65.6000000000 -4.0462638757e-02 6.9029527286e-03 1.0000000000e+00 6.9029527286e-03
65.7000000000 -2.3101487254e-02 8.2071121086e-03 1.0000000000e+00 8.2071121086e-03
65.8000000000 -1.2121277983e-02 9.4275140492e-03 1.0000000000e+00 9.4275140492e-03
65.9000000000 -4.4006595526e-03 1.0552545987e-02 1.0000000000e+00 1.0552545987e-02
66.0000000000 1.3963850748e-03 1.1571555242e-02 7.8464042235e-01 1.1571555242e-02
66.1000000000 5.9347391921e-03 1.2474949791e-02 3.5525915753e-01 1.2474949791e-02
66.2000000000 9.5809902429e-03 1.3254288470e-02 1.6086066971e-01 1.3254288470e-02
66.3000000000 1.2552982571e-02 1.3902359759e-02 5.1005848714e-02 1.3902359759e-02
66.4000000000 1.4987951481e-02 1.4413248414e-02 1.9546925586e-02 1.4413248414e-02
66.5000000000 1.6976658944e-02 1.4782389330e-02 6.9091164035e-02 1.4782389330e-02
66.6000000000 1.8581806838e-02 1.5006608146e-02 1.0644142312e-01 1.5006608146e-02
66.7000000000 1.9848572593e-02 1.5084148238e-02 1.3638858473e-01 1.5084148238e-02
66.8000000000 2.0810932788e-02 1.5014683860e-02 1.6179062554e-01 1.5014683860e-02
66.9000000000 2.1495609402e-02 1.4799319358e-02 1.8449657494e-01 1.4799319358e-02
67.0000000000 2.1924610984e-02 1.4440574487e-02 2.0580223641e-01 1.4440574487e-02
67.1000000000 2.2116909447e-02 1.3942356018e-02 2.2669772454e-01 1.3942356018e-02
67.2000000000 2.2089565913e-02 1.3309915943e-02 2.4801634118e-01 1.3309915943e-02
67.3000000000 2.1858494051e-02 1.2549796722e-02 2.7053646430e-01 1.2549796722e-02
67.4000000000 2.1438977890e-02 1.1669764130e-02 2.9506448037e-01 1.1669764130e-02
67.5000000000 2.0846018917e-02 1.0678728399e-02 3.2251774823e-01 1.0678728399e-02
67.6000000000 2.0094561605e-02 9.5866544436e-03 3.5402549358e-01 9.5866544436e-03
67.7000000000 1.9199630537e-02 8.4044620743e-03 3.9107130289e-01 8.4044620743e-03
67.8000000000 1.8176402031e-02 7.1439171924e-03 4.3571665671e-01 7.1439171924e-03
67.9000000000 1.7040226565e-02 5.8175150490e-03 4.9098076729e-01 5.8175150490e-03
68.0000000000 1.5806613820e-02 4.4383567217e-03 5.6153487974e-01 4.4383567217e-03
68.1000000000 1.4491189211e-02 3.0200200275e-03 6.5507578759e-01 3.0200200275e-03
68.2000000000 1.3109628701e-02 1.5764261421e-03 7.8531659333e-01 1.5764261421e-03
68.3000000000 1.1677577259e-02 1.2170323180e-04 9.7937107574e-01 1.2170323180e-04
68.4000000000 1.0210555303e-02 -1.3299515673e-03 1.0000000000e+00 -1.3299515673e-03
68.5000000000 8.7238567338e-03 -2.7644104771e-03 1.0000000000e+00 -2.7644104771e-03
68.6000000000 7.2324416035e-03 -4.1677523659e-03 1.0000000000e+00 -4.1677523659e-03
68.7000000000 5.7508260654e-03 -5.5263976659e-03 1.0000000000e+00 -5.5263976659e-03
68.8000000000 4.2929719101e-03 -6.8272396123e-03 1.0000000000e+00 -6.8272396123e-03
68.9000000000 2.8721777392e-03 -8.0577705383e-03 1.0000000000e+00 -8.0577705383e-03
69.0000000000 1.5009736000e-03 -9.2062020086e-03 1.0000000000e+00 -9.2062020086e-03
69.1000000000 1.9102071824e-04 -1.0261577640e-02 1.0000000000e+00 -1.0261577640e-02
69.2000000000 -1.0469822133e-03 -1.1213877531e-02 8.2921553053e-01 -1.1213877531e-02
69.3000000000 -2.2033848910e-03 -1.2054113297e-02 6.9091563444e-01 -1.2054113297e-02
69.4000000000 -3.2696622576e-03 -1.2774412831e-02 5.9241498938e-01 -1.2774412831e-02
69.5000000000 -4.2384813660e-03 -1.3368093960e-02 5.1853426489e-01 -1.3368093960e-02
69.6000000000 -5.1037574031e-03 -1.3829726342e-02 4.6087497981e-01 -1.3829726342e-02
69.7000000000 -5.8606981732e-03 -1.4155181004e-02 4.1439512886e-01 -1.4155181004e-02
69.8000000000 -6.5058364856e-03 -1.4341667087e-02 3.7586421675e-01 -1.4341667087e-02
69.9000000000 -7.0370500368e-03 -1.4387755462e-02 3.4309321620e-01 -1.4387755462e-02
70.0000000000 -7.4535685226e-03 -1.4293389028e-02 3.1451850172e-01 -1.4293389028e-02
70.1000000000 -7.7559678550e-03 -1.4059879624e-02 2.8896020542e-01 -1.4059879624e-02
70.2000000000 -7.9461515060e-03 -1.3689891609e-02 2.6547091224e-01 -1.3689891609e-02
70.3000000000 -8.0273191310e-03 -1.3187412321e-02 2.4323160544e-01 -1.3187412321e-02
70.4000000000 -8.0039227678e-03 -1.2557709722e-02 2.2147010730e-01 -1.2557709722e-02
70.5000000000 -7.8816110285e-03 -1.1807277672e-02 1.9938487657e-01 -1.1807277672e-02
70.6000000000 -7.6671618347e-03 -1.0943769413e-02 1.7605822809e-01 -1.0943769413e-02
70.7000000000 -7.3684043586e-03 -9.9759199208e-03 1.5033826168e-01 -9.9759199208e-03
70.8000000000 -6.9941309464e-03 -8.9134579163e-03 1.2065480108e-01 -8.9134579163e-03
70.9000000000 -6.5539999034e-03 -7.7670084264e-03 8.4701334926e-02 -7.7670084264e-03
71.0000000000 -6.0584301123e-03 -6.5479868546e-03 3.8833932247e-02 -6.5479868546e-03
71.1000000000 -5.5184885423e-03 -5.2684856238e-03 2.3176371305e-02 -5.2684856238e-03
71.2000000000 -4.9457717798e-03 -3.9411545096e-03 1.1304440224e-01 -3.9411545096e-03
71.3000000000 -4.3522827732e-03 -2.5790758485e-03 2.5582386102e-01 -2.5790758485e-03
71.4000000000 -3.7503040400e-03 -1.1956358468e-03 5.1651824562e-01 -1.1956358468e-03
71.5000000000 -3.1522686209e-03 1.9560674280e-04 1.0000000000e+00 1.9560674280e-04
71.6000000000 -2.5706300980e-03 1.5810532930e-03 1.0000000000e+00 1.5810532930e-03
71.7000000000 -2.0177330120e-03 2.9471980251e-03 1.0000000000e+00 2.9471980251e-03
71.8000000000 -1.5056850207e-03 4.2807594887e-03 1.0000000000e+00 4.2807594887e-03
71.9000000000 -1.0462321377e-03 5.5688095218e-03 1.0000000000e+00 5.5688095218e-03
72.0000000000 -6.5063838199e-04 6.7988984370e-03 1.0000000000e+00 6.7988984370e-03
72.1000000000 -3.2957114695e-04 7.9591752268e-03 1.0000000000e+00 7.9591752268e-03
72.2000000000 -9.2993574712e-05 9.0385016246e-03 1.0000000000e+00 9.0385016246e-03
72.3000000000 4.9934805777e-05 1.0026558927e-02 9.9008885291e-01 1.0026558927e-02
72.4000000000 9.0947945960e-05 1.0913946552e-02 9.8347136431e-01 1.0913946552e-02
72.5000000000 2.2752440307e-05 1.1692271394e-02 9.9611568177e-01 1.1692271394e-02
72.6000000000 -1.6090521570e-04 1.2354227126e-02 1.0000000000e+00 1.2354227126e-02
72.7000000000 -4.6518448368e-04 1.2893662698e-02 1.0000000000e+00 1.2893662698e-02
72.8000000000 -8.9411101309e-04 1.3305639394e-02 1.0000000000e+00 1.3305639394e-02
72.9000000000 -1.4505525984e-03 1.3586475919e-02 1.0000000000e+00 1.3586475919e-02
73.0000000000 -2.1362123926e-03 1.3733781101e-02 1.0000000000e+00 1.3733781101e-02
73.1000000000 -2.9516412033e-03 1.3746473922e-02 1.0000000000e+00 1.3746473922e-02
73.2000000000 -3.8962711707e-03 1.3624790716e-02 1.0000000000e+00 1.3624790716e-02
73.3000000000 -4.9684738794e-03 1.3370279489e-02 1.0000000000e+00 1.3370279489e-02
73.4000000000 -6.1656471269e-03 1.2985781457e-02 1.0000000000e+00 1.2985781457e-02
73.5000000000 -7.4843364113e-03 1.2475400001e-02 1.0000000000e+00 1.2475400001e-02
73.6000000000 -8.9204001077e-03 1.1844457386e-02 1.0000000000e+00 1.1844457386e-02
73.7000000000 -1.0469231961e-02 1.1099439683e-02 1.0000000000e+00 1.1099439683e-02
73.8000000000 -1.2126062131e-02 1.0247930471e-02 1.0000000000e+00 1.0247930471e-02
73.9000000000 -1.3886370759e-02 9.2985339890e-03 1.0000000000e+00 9.2985339890e-03
74.0000000000 -1.5746469924e-02 8.2607885078e-03 1.0000000000e+00 8.2607885078e-03
74.1000000000 -1.7704348872e-02 7.1450708040e-03 1.0000000000e+00 7.1450708040e-03
74.2000000000 -1.9760949618e-02 5.9624926778e-03 1.0000000000e+00 5.9624926778e-03
74.3000000000 -2.1922180095e-02 4.7247905503e-03 1.0000000000e+00 4.7247905503e-03
74.4000000000 -2.4202258852e-02 3.4442092335e-03 1.0000000000e+00 3.4442092335e-03
74.5000000000 -2.6629612215e-02 2.1333810223e-03 1.0000000000e+00 2.1333810223e-03
74.6000000000 -2.9258027317e-02 8.0520129862e-04 1.0000000000e+00 8.0520129862e-04
74.7000000000 -3.2189632335e-02 -5.2729812638e-04 9.6776603924e-01 -5.2729812638e-04
74.8000000000 -3.5627720388e-02 -1.8510766928e-03 9.0122005844e-01 -1.8510766928e-03
74.9000000000 -4.0017538966e-02 -3.1532125433e-03 8.5391903393e-01 -3.1532125433e-03
75.0000000000 -4.6512415261e-02 -4.4210285032e-03 8.2639978072e-01 -4.4210285032e-03
75.1000000000 -5.9193853521e-02 -5.6422153598e-03 8.2595442761e-01 -5.6422153598e-03
75.2000000000 -1.0971255470e-01 -6.8049512462e-03 8.8319435451e-01 -6.8049512462e-03
75.3000000000 8.2293589868e-02 -7.8980159709e-03 1.0000000000e+00 -7.8980159709e-03
75.4000000000 -4.4237171368e-04 -8.9108991881e-03 9.0540812549e-01 -8.9108991881e-03
75.5000000000 -1.5179790486e-02 -9.8339013682e-03 2.1371851659e-01 -9.8339013682e-03
75.6000000000 -2.1690647589e-02 -1.0658226598e-02 3.4104497509e-01 -1.0658226598e-02
75.7000000000 -2.5474628883e-02 -1.1376066324e-02 3.8258606737e-01 -1.1376066324e-02
75.8000000000 -2.7957293698e-02 -1.1980673241e-02 4.0003589773e-01 -1.1980673241e-02
75.9000000000 -2.9671011118e-02 -1.2466424627e-02 4.0829694987e-01 -1.2466424627e-02
76.0000000000 -3.0858861688e-02 -1.2828874539e-02 4.1270133694e-01 -1.2828874539e-02
76.1000000000 -3.1647510985e-02 -1.3064794365e-02 4.1560631853e-01 -1.3064794365e-02
76.2000000000 -3.2109822199e-02 -1.3172201391e-02 4.1821498481e-01 -1.3172201391e-02
76.3000000000 -3.2291371142e-02 -1.3150375109e-02 4.2122052105e-01 -1.3150375109e-02
76.4000000000 -3.2223009535e-02 -1.2999861150e-02 4.2507580997e-01 -1.2999861150e-02
76.5000000000 -3.1927341614e-02 -1.2722462825e-02 4.3012234949e-01 -1.2722462825e-02
76.6000000000 -3.1422285771e-02 -1.2321220389e-02 4.3666059396e-01 -1.2321220389e-02
76.7000000000 -3.0723131740e-02 -1.1800378262e-02 4.4499509749e-01 -1.1800378262e-02
76.8000000000 -2.9843771665e-02 -1.1165340545e-02 4.5547026290e-01 -1.1165340545e-02
76.9000000000 -2.8797452845e-02 -1.0422615314e-02 4.6850600711e-01 -1.0422615314e-02
77.0000000000 -2.7597240475e-02 -9.5797482358e-03 4.8464097992e-01 -9.5797482358e-03
77.1000000000 -2.6256297145e-02 -8.6452462093e-03 5.0459232581e-01 -8.6452462093e-03
77.2000000000 -2.4788042259e-02 -7.6284917750e-03 5.2934562548e-01 -7.6284917750e-03
77.3000000000 -2.3206230157e-02 -6.5396491713e-03 5.6029881659e-01 -6.5396491713e-03
77.4000000000 -2.1524971607e-02 -5.3895629657e-03 5.9950539355e-01 -5.3895629657e-03
77.5000000000 -1.9758714968e-02 -4.1896502732e-03 6.5010970636e-01 -4.1896502732e-03
77.6000000000 -1.7922198136e-02 -2.9517876297e-03 7.1718025844e-01 -2.9517876297e-03
77.7000000000 -1.6030379150e-02 -1.6881936404e-03 8.0944360921e-01 -1.6881936404e-03
77.8000000000 -1.4098351252e-02 -4.1130856036e-04 9.4330555428e-01 -4.1130856036e-04
77.9000000000 -1.2141246821e-02 8.6632800759e-04 1.0000000000e+00 8.6632800759e-04
78.0000000000 -1.0174133661e-02 2.1322000963e-03 1.0000000000e+00 2.1322000963e-03
78.1000000000 -8.2119065146e-03 3.3739378352e-03 1.0000000000e+00 3.3739378352e-03
78.2000000000 -6.2691761862e-03 4.5794381904e-03 1.0000000000e+00 4.5794381904e-03
78.3000000000 -4.3601583548e-03 5.7369828084e-03 1.0000000000e+00 5.7369828084e-03
78.4000000000 -2.4985638835e-03 6.8353518149e-03 1.0000000000e+00 6.8353518149e-03
78.5000000000 -6.9749223878e-04 7.8639324670e-03 1.0000000000e+00 7.8639324670e-03
78.6000000000 1.0306705383e-03 8.8128216042e-03 7.9058843684e-01 8.8128216042e-03
78.7000000000 2.6743480195e-03 9.6729209137e-03 5.6681140842e-01 9.6729209137e-03
78.8000000000 4.2228625788e-03 1.0436024091e-02 4.2384948133e-01 1.0436024091e-02
78.9000000000 5.6665165585e-03 1.1094895061e-02 3.2386165473e-01 1.1094895061e-02
79.0000000000 6.9966645116e-03 1.1643336523e-02 2.4928496534e-01 1.1643336523e-02
79.1000000000 8.2057757453e-03 1.2076248155e-02 1.9083265203e-01 1.2076248155e-02
79.2000000000 9.2874865113e-03 1.2389673943e-02 1.4310856990e-01 1.2389673943e-02
79.3000000000 1.0236641315e-02 1.2580838203e-02 1.0273689019e-01 1.2580838203e-02
79.4000000000 1.1049322942e-02 1.2648169946e-02 6.7469036164e-02 1.2648169946e-02
79.5000000000 1.1722870910e-02 1.2591315400e-02 3.5717604464e-02 1.2591315400e-02
79.6000000000 1.2255888216e-02 1.2411138575e-02 6.2938415860e-03 1.2411138575e-02
79.7000000000 1.2648236309e-02 1.2109709905e-02 2.1751659010e-02 1.2109709905e-02
79.8000000000 1.2901018414e-02 1.1690283096e-02 4.9234291937e-02 1.1690283096e-02
79.9000000000 1.3016551390e-02 1.1157260440e-02 7.6913436832e-02 1.1157260440e-02
80.0000000000 1.2998326453e-02 1.0516146958e-02 1.0555964625e-01 1.0516146958e-02
80.1000000000 1.2850959208e-02 9.7734938481e-03 1.3602385668e-01 9.7734938481e-03
80.2000000000 1.2580129505e-02 8.9368318143e-03 1.6932212856e-01 8.9368318143e-03
80.3000000000 1.2192511790e-02 8.0145949572e-03 2.0675482566e-01 8.0145949572e-03
80.4000000000 1.1695696656e-02 7.0160359864e-03 2.5009232224e-01 7.0160359864e-03
80.5000000000 1.1098104430e-02 5.9511336110e-03 3.0188861266e-01 5.9511336110e-03
80.6000000000 1.0408891673e-02 4.8304930288e-03 3.6605143538e-01 4.8304930288e-03
80.7000000000 9.6378515649e-03 3.6652405080e-03 4.4896412233e-01 3.6652405080e-03
80.8000000000 8.7953091817e-03 2.4669131052e-03 5.6191361841e-01 2.4669131052e-03
80.9000000000 7.8920127340e-03 1.2473446112e-03 7.2703887941e-01 1.2473446112e-03
81.0000000000 6.9390218588e-03 1.8548852903e-05 9.9466800880e-01 1.8548852903e-05
81.1000000000 5.9475940921e-03 -1.2073985029e-03 1.0000000000e+00 -1.2073985029e-03
81.2000000000 4.9290706554e-03 -2.4184784792e-03 1.0000000000e+00 -2.4184784792e-03
81.3000000000 3.8947626964e-03 -3.6028464910e-03 1.0000000000e+00 -3.6028464910e-03
81.4000000000 2.8558391105e-03 -4.7489480696e-03 1.0000000000e+00 -4.7489480696e-03
81.5000000000 1.8232170522e-03 -5.8456314766e-03 1.0000000000e+00 -5.8456314766e-03
81.6000000000 8.0745621392e-04 -6.8822561138e-03 1.0000000000e+00 -6.8822561138e-03
81.7000000000 -1.8134209544e-04 -7.8487956738e-03 9.5483462410e-01 -7.8487956738e-03
81.8000000000 -1.1336300874e-03 -8.7359350339e-03 7.7027760121e-01 -8.7359350339e-03
81.9000000000 -2.0405019271e-03 -9.5351599557e-03 6.4744963221e-01 -9.5351599557e-03
82.0000000000 -2.8937746131e-03 -1.0238838728e-02 5.5929950302e-01 -1.0238838728e-02
82.1000000000 -3.6860605317e-03 -1.0840294974e-02 4.9250029985e-01 -1.0840294974e-02
82.2000000000 -4.4108310024e-03 -1.1333870918e-02 4.3970600083e-01 -1.1333870918e-02
82.3000000000 -5.0624702226e-03 -1.1714980530e-02 3.9651496558e-01 -1.1714980530e-02
82.4000000000 -5.6363191184e-03 -1.1980152034e-02 3.6010804098e-01 -1.1980152034e-02
82.5000000000 -6.1287087116e-03 -1.2127059391e-02 3.2857290068e-01 -1.2127059391e-02
82.6000000000 -6.5369827191e-03 -1.2154542483e-02 3.0054046971e-01 -1.2154542483e-02
82.7000000000 -6.8595092110e-03 -1.2062615804e-02 2.7497474986e-01 -1.2062615804e-02
82.8000000000 -7.0956812643e-03 -1.1852465623e-02 2.5104219358e-01 -1.1852465623e-02
82.9000000000 -7.2459066571e-03 -1.1526435655e-02 2.2802316975e-01 -1.1526435655e-02
83.0000000000 -7.3115867627e-03 -1.1088001404e-02 2.0524452000e-01 -1.1088001404e-02
83.1000000000 -7.2950849082e-03 -1.0541733478e-02 1.8201948911e-01 -1.0541733478e-02
83.2000000000 -7.1996845663e-03 -9.8932502275e-03 1.5758356852e-01 -9.8932502275e-03
83.3000000000 -7.0295378536e-03 -9.1491602211e-03 1.3101316050e-01 -9.1491602211e-03
83.4000000000 -6.7896049010e-03 -8.3169951335e-03 1.0110747812e-01 -8.3169951335e-03
83.5000000000 -6.4855847542e-03 -7.4051337270e-03 6.6198805634e-02 -7.4051337270e-03
83.6000000000 -6.1238385436e-03 -6.4227176924e-03 2.3821608348e-02 -6.4227176924e-03
83.7000000000 -5.7113057402e-03 -5.3795601921e-03 2.9911600247e-02 -5.3795601921e-03
83.8000000000 -5.2554143785e-03 -4.2860480199e-03 1.0159515577e-01 -4.2860480199e-03
83.9000000000 -4.7639861867e-03 -3.1530383495e-03 2.0347894968e-01 -3.1530383495e-03
84.0000000000 -4.2451376121e-03 -1.9917510980e-03 3.6129977924e-01 -1.9917510980e-03
84.1000000000 -3.7071777672e-03 -8.1365796929e-04 6.4004090540e-01 -8.1365796929e-04
84.2000000000 -3.1585043478e-03 3.6963072674e-04 1.0000000000e+00 3.6963072674e-04
84.3000000000 -2.6074985922e-03 1.5464803632e-03 1.0000000000e+00 1.5464803632e-03
84.4000000000 -2.0624203546e-03 2.7053462703e-03 1.0000000000e+00 2.7053462703e-03
84.5000000000 -1.5313043588e-03 3.8348868730e-03 1.0000000000e+00 3.8348868730e-03
84.6000000000 -1.0218586817e-03 4.9240745841e-03 1.0000000000e+00 4.9240745841e-03
84.7000000000 -5.4136648580e-04 5.9623033697e-03 1.0000000000e+00 5.9623033697e-03
84.8000000000 -9.6591982366e-05 6.9394919389e-03 1.0000000000e+00 6.9394919389e-03
84.9000000000 3.0630844751e-04 7.8461815541e-03 9.2485524117e-01 7.8461815541e-03
85.0000000000 6.6186910373e-04 8.6736275131e-03 8.5820377193e-01 8.6736275131e-03
85.1000000000 9.6539099404e-04 9.4138834208e-03 8.1397717115e-01 9.4138834208e-03
85.2000000000 1.2130103202e-03 1.0059877436e-02 7.8479155538e-01 1.0059877436e-02
85.3000000000 1.4017587973e-03 1.0605479763e-02 7.6651437544e-01 1.0605479763e-02
85.4000000000 1.5296152792e-03 1.1045560752e-02 7.5672463345e-01 1.1045560752e-02
85.5000000000 1.5955482688e-03 1.1376039039e-02 7.5399336550e-01 1.1376039039e-02
85.6000000000 1.5995490083e-03 1.1593919297e-02 7.5752410643e-01 1.1593919297e-02
85.7000000000 1.5426549658e-03 1.1697319237e-02 7.6697009494e-01 1.1697319237e-02
85.8000000000 1.4269636665e-03 1.1685485619e-02 7.8234979059e-01 1.1685485619e-02
85.9000000000 1.2556369512e-03 1.1558799138e-02 8.0402774769e-01 1.1558799138e-02
86.0000000000 1.0328958945e-03 1.1318768164e-02 8.3275194505e-01 1.1318768164e-02
86.1000000000 7.6400676685e-04 1.0968011426e-02 8.6975697543e-01 1.0968011426e-02
86.2000000000 4.5525858980e-04 1.0510229819e-02 9.1696519611e-01 1.0510229819e-02
86.3000000000 1.1393301424e-04 9.9501676520e-03 9.7735853048e-01 9.9501676520e-03
86.4000000000 -2.5173255876e-04 9.2935637216e-03 1.0000000000e+00 9.2935637216e-03
86.5000000000 -6.3258747718e-04 8.5470927337e-03 1.0000000000e+00 8.5470927337e-03
86.6000000000 -1.0186145784e-03 7.7182976519e-03 1.0000000000e+00 7.7182976519e-03
86.7000000000 -1.3989795109e-03 6.8155136657e-03 1.0000000000e+00 6.8155136657e-03
86.8000000000 -1.7620806446e-03 5.8477845407e-03 1.0000000000e+00 5.8477845407e-03
86.9000000000 -2.0955971735e-03 4.8247721880e-03 1.0000000000e+00 4.8247721880e-03
87.0000000000 -2.3865325096e-03 3.7566603568e-03 1.0000000000e+00 3.7566603568e-03
87.1000000000 -2.6212494246e-03 2.6540534081e-03 1.0000000000e+00 2.6540534081e-03
87.2000000000 -2.7854925569e-03 1.5278711733e-03 1.0000000000e+00 1.5278711733e-03
87.3000000000 -2.8643927824e-03 3.8924094161e-04 1.0000000000e+00 3.8924094161e-04
87.4000000000 -2.8424464297e-03 -7.5061236008e-04 5.8218754326e-01 -7.5061236008e-04
87.5000000000 -2.7034602226e-03 -1.8804767091e-03 1.7953639540e-01 -1.8804767091e-03
87.6000000000 -2.4304498828e-03 -2.9892631650e-03 1.0310754043e-01 -2.9892631650e-03
87.7000000000 -2.0054761113e-03 -4.0661146006e-03 3.3939021701e-01 -4.0661146006e-03
87.8000000000 -1.4093955435e-03 -5.1005119222e-03 5.6699982268e-01 -5.1005119222e-03
87.9000000000 -6.2149521347e-04 -6.0823767393e-03 8.1458619203e-01 -6.0823767393e-03
88.0000000000 3.8103458118e-04 -7.0021694831e-03 1.0000000000e+00 -7.0021694831e-03
88.1000000000 1.6238550958e-03 -7.8509820191e-03 1.0000000000e+00 -7.8509820191e-03
88.2000000000 3.1365606637e-03 -8.6206238554e-03 1.0000000000e+00 -8.6206238554e-03
88.3000000000 4.9542389829e-03 -9.3037011124e-03 1.0000000000e+00 -9.3037011124e-03
88.4000000000 7.1197498844e-03 -9.8936874941e-03 1.0000000000e+00 -9.8936874941e-03
88.5000000000 9.6871117173e-03 -1.0384986579e-02 1.0000000000e+00 -1.0384986579e-02
88.6000000000 1.2726648016e-02 -1.0772984838e-02 1.0000000000e+00 -1.0772984838e-02
88.7000000000 1.6333030560e-02 -1.1054094876e-02 1.0000000000e+00 -1.1054094876e-02
88.8000000000 2.0638282940e-02 -1.1225788494e-02 1.0000000000e+00 -1.1225788494e-02
88.9000000000 2.5833687129e-02 -1.1286619266e-02 1.0000000000e+00 -1.1286619266e-02
89.0000000000 3.2208584549e-02 -1.1236234437e-02 1.0000000000e+00 -1.1236234437e-02
89.1000000000 4.0223479864e-02 -1.1075376035e-02 1.0000000000e+00 -1.1075376035e-02
89.2000000000 5.0658912921e-02 -1.0805871223e-02 1.0000000000e+00 -1.0805871223e-02
89.3000000000 6.4950833044e-02 -1.0430611997e-02 1.0000000000e+00 -1.0430611997e-02
89.4000000000 8.6057016168e-02 -9.9535244586e-03 1.0000000000e+00 -9.9535244586e-03
89.5000000000 1.2118737633e-01 -9.3795279822e-03 1.0000000000e+00 -9.3795279822e-03
89.6000000000 1.9369148036e-01 -8.7144847004e-03 1.0000000000e+00 -8.7144847004e-03
89.7000000000 4.4535345083e-01 -7.9651398258e-03 1.0000000000e+00 -7.9651398258e-03
89.8000000000 -1.6691458238e+00 -7.1390534125e-03 9.9148229098e-01 -7.1390534125e-03
89.9000000000 -2.8834990495e-01 -6.2445242473e-03 9.5760595837e-01 -6.2445242473e-03
90.0000000000 -1.5464060655e-01 -5.2905066357e-03 9.3384018243e-01 -5.2905066357e-03
90.1000000000 -1.0288310850e-01 -4.2865209145e-03 9.2000493166e-01 -4.2865209145e-03
90.2000000000 -7.4689437393e-02 -3.2425585846e-03 9.1678492142e-01 -3.2425585846e-03
90.3000000000 -5.6500620771e-02 -2.1689830087e-03 9.2606109914e-01 -2.1689830087e-03
90.4000000000 -4.3498832914e-02 -1.0764266580e-03 9.5170295503e-01 -1.0764266580e-03
90.5000000000 -3.3546468591e-02 2.4314073055e-05 1.0000000000e+00 2.4314073055e-05
90.6000000000 -2.5553971911e-02 1.1223854450e-03 1.0000000000e+00 1.1223854450e-03
90.7000000000 -1.8910767043e-02 2.2069832933e-03 1.0000000000e+00 2.2069832933e-03
90.8000000000 -1.3250503581e-02 3.2674592378e-03 1.0000000000e+00 3.2674592378e-03
90.9000000000 -8.3418781694e-03 4.2934251382e-03 1.0000000000e+00 4.2934251382e-03
91.0000000000 -4.0330482343e-03 5.2748547725e-03 1.0000000000e+00 5.2748547725e-03
91.1000000000 -2.2124443953e-04 6.2021817420e-03 1.0000000000e+00 6.2021817420e-03
91.2000000000 3.1648271312e-03 7.0663926504e-03 3.8133923447e-01 7.0663926504e-03
91.3000000000 6.1756753070e-03 7.8591146466e-03 1.1994759773e-01 7.8591146466e-03
91.4000000000 8.8477856761e-03 8.5726964848e-03 1.5791135331e-02 8.5726964848e-03
91.5000000000 1.1208047909e-02 9.2002823147e-03 9.8379709272e-02 9.2002823147e-03
91.6000000000 1.3276742019e-02 9.7358774929e-03 1.5386620911e-01 9.7358774929e-03
91.7000000000 1.5069604738e-02 1.0174405783e-02 1.9391526359e-01 1.0174405783e-02
91.8000000000 1.6599290704e-02 1.0511757401e-02 2.2454068465e-01 1.0511757401e-02
91.9000000000 1.7876424369e-02 1.0744827445e-02 2.4917138392e-01 1.0744827445e-02
92.0000000000 1.8910367870e-02 1.0871544365e-02 2.6992301374e-01 1.0871544365e-02
92.1000000000 1.9709786939e-02 1.0890888193e-02 2.8819294699e-01 1.0890888193e-02
92.2000000000 2.0283069812e-02 1.0802898397e-02 3.0496625846e-01 1.0802898397e-02
92.3000000000 2.0638636705e-02 1.0608671280e-02 3.2098654480e-01 1.0608671280e-02
92.4000000000 2.0785166056e-02 1.0310346992e-02 3.3685950279e-01 1.0310346992e-02
92.5000000000 2.0731756153e-02 9.9110862834e-03 3.5312226312e-01 9.9110862834e-03
92.6000000000 2.0488035619e-02 9.4150372706e-03 3.7029633675e-01 9.4150372706e-03
92.7000000000 2.0064232738e-02 8.8272925411e-03 3.8893551269e-01 8.8272925411e-03
92.8000000000 1.9471211121e-02 8.1538370534e-03 4.0967798485e-01 8.1538370534e-03
92.9000000000 1.8720477545e-02 7.4014873570e-03 4.3331312291e-01 7.4014873570e-03
93.0000000000 1.7824166532e-02 6.5778227496e-03 4.6087815435e-01 6.5778227496e-03
93.1000000000 1.6795005406e-02 5.6911090652e-03 4.9381125206e-01 5.6911090652e-03
93.2000000000 1.5646262926e-02 4.7502158589e-03 5.3421216388e-01 4.7502158589e-03
93.3000000000 1.4391684134e-02 3.7645278146e-03 5.8531792588e-01 3.7645278146e-03
93.4000000000 1.3045413740e-02 2.7438512625e-03 6.5244091323e-01 2.7438512625e-03
93.5000000000 1.1621910102e-02 1.6983167337e-03 7.4500182998e-01 1.6983167337e-03
93.6000000000 1.0135851694e-02 6.3827852039e-04 8.8151646441e-01 6.3827852039e-04
93.7000000000 8.6020377848e-03 -4.2578776326e-04 1.0000000000e+00 -4.2578776326e-04
93.8000000000 7.0352849608e-03 -1.4833886081e-03 1.0000000000e+00 -1.4833886081e-03
93.9000000000 5.4503210210e-03 -2.5241160034e-03 1.0000000000e+00 -2.5241160034e-03
94.0000000000 3.8616776817e-03 -3.5377497797e-03 1.0000000000e+00 -3.5377497797e-03
94.1000000000 2.2835834663e-03 -4.5143578952e-03 1.0000000000e+00 -4.5143578952e-03
94.2000000000 7.2985807490e-04 -5.4443936813e-03 1.0000000000e+00 -5.4443936813e-03
94.3000000000 -7.8619054151e-04 -6.3187890980e-03 7.7869309093e-01 -6.3187890980e-03
94.4000000000 -2.2518652514e-03 -7.1290430869e-03 5.1990464672e-01 -7.1290430869e-03
94.5000000000 -3.6551738817e-03 -7.8673041617e-03 3.6555767467e-01 -7.8673041617e-03
94.6000000000 -4.9849174315e-03 -8.5264464353e-03 2.6211484190e-01 -8.5264464353e-03
94.7000000000 -6.2307714478e-03 -9.1001383470e-03 1.8716220613e-01 -9.1001383470e-03
94.8000000000 -7.3833597413e-03 -9.5829034277e-03 1.2964220020e-01 -9.5829034277e-03
94.9000000000 -8.4343197118e-03 -9.9701725197e-03 8.3449887588e-02 -9.9701725197e-03
95.0000000000 -9.3763586470e-03 -1.0258326955e-02 4.4918891296e-02 -1.0258326955e-02
95.1000000000 -1.0203300462e-02 -1.0444732285e-02 1.1692727625e-02 -1.0444732285e-02
95.2000000000 -1.0910122443e-02 -1.0527762241e-02 1.7835724373e-02 -1.0527762241e-02
95.3000000000 -1.1492981678e-02 -1.0506812726e-02 4.4826280348e-02 -1.0506812726e-02
95.4000000000 -1.1949230931e-02 -1.0382305697e-02 7.0166476221e-02 -1.0382305697e-02
95.5000000000 -1.2277423873e-02 -1.0155682936e-02 9.4580788796e-02 -1.0155682936e-02
95.6000000000 -1.2477309636e-02 -9.8293897854e-03 1.1870513879e-01 -9.8293897854e-03
95.7000000000 -1.2549816800e-02 -9.4068490284e-03 1.4314412744e-01 -9.4068490284e-03
95.8000000000 -1.2497027006e-02 -8.8924251885e-03 1.6852239996e-01 -8.8924251885e-03
95.9000000000 -1.2322138501e-02 -8.2913796223e-03 1.9553958983e-01 -8.2913796223e-03
96.0000000000 -1.2029420002e-02 -7.6098168645e-03 2.2503945380e-01 -7.6098168645e-03
96.1000000000 -1.1624155373e-02 -6.8546227694e-03 2.5810865668e-01 -6.8546227694e-03
96.2000000000 -1.1112579687e-02 -6.0333950773e-03 2.9623189581e-01 -6.0333950773e-03
96.3000000000 -1.0501807329e-02 -5.1543671017e-03 3.4155471702e-01 -5.1543671017e-03
96.4000000000 -9.7997528572e-03 -4.2263253048e-03 3.9736179194e-01 -4.2263253048e-03
96.5000000000 -9.0150454303e-03 -3.2585215844e-03 4.6901799933e-01 -3.2585215844e-03
96.6000000000 -8.1569376369e-03 -2.2605811463e-03 5.6600392217e-01 -2.2605811463e-03
96.7000000000 -7.2352096315e-03 -1.2424068800e-03 7.0689712649e-01 -1.2424068800e-03
96.8000000000 -6.2600695140e-03 -2.1408118512e-04 9.3386586285e-01 -2.1408118512e-04
96.9000000000 -5.2420509205e-03 8.1423377784e-04 1.0000000000e+00 8.1423377784e-04
97.0000000000 -4.1919088132e-03 1.8323964269e-03 1.0000000000e+00 1.8323964269e-03
97.1000000000 -3.1205144701e-03 2.8303856985e-03 1.0000000000e+00 2.8303856985e-03
97.2000000000 -2.0387506736e-03 3.7983996028e-03 1.0000000000e+00 3.7983996028e-03
97.3000000000 -9.5740809132e-04 4.7269514272e-03 1.0000000000e+00 4.7269514272e-03
97.4000000000 1.1291618003e-04 5.6069626429e-03 9.6051798175e-01 5.6069626429e-03
97.5000000000 1.1619169600e-03 6.4298516067e-03 6.9390084807e-01 6.4298516067e-03
97.6000000000 2.1796753115e-03 7.1876171908e-03 5.3461999592e-01 7.1876171908e-03
97.7000000000 3.1567479866e-03 7.8729165266e-03 4.2758948238e-01 7.8729165266e-03
97.8000000000 4.0842511809e-03 8.4791361073e-03 3.4981687864e-01 8.4791361073e-03
97.9000000000 4.9539378487e-03 9.0004555620e-03 2.8998162759e-01 9.0004555620e-03
98.0000000000 5.7582678989e-03 9.4319034857e-03 2.4184293210e-01 9.4319034857e-03
98.1000000000 6.4904706654e-03 9.7694047901e-03 2.0165800985e-01 9.7694047901e-03
98.2000000000 7.1445991275e-03 1.0009819127e-02 1.6702519180e-01 1.0009819127e-02
98.3000000000 7.7155754374e-03 1.0150970017e-02 1.3631032288e-01 1.0150970017e-02
98.4000000000 8.1992274034e-03 1.0191664425e-02 1.0833824917e-01 1.0191664425e-02
98.5000000000 8.5923156665e-03 1.0131702592e-02 8.2214560131e-02 1.0131702592e-02
98.6000000000 8.8925514017e-03 9.9718780597e-03 5.7214911282e-02 9.9718780597e-03
98.7000000000 9.0986044705e-03 9.7139679011e-03 3.2710222630e-02 9.7139679011e-03
98.8000000000 9.2101020454e-03 9.3607132654e-03 8.1101027323e-03 9.3607132654e-03
98.9000000000 9.2276178183e-03 8.9157904598e-03 1.7186812626e-02 8.9157904598e-03
99.0000000000 9.1526520011e-03 8.3837728617e-03 4.3844691572e-02 8.3837728617e-03
99.1000000000 8.9876024116e-03 7.7700840585e-03 7.2654322261e-02 7.7700840585e-03
99.2000000000 8.7357270270e-03 7.0809426932e-03 1.0462280386e-01 7.0809426932e-03
99.3000000000 8.4010984651e-03 6.3232995748e-03 1.4111265430e-01 6.3232995748e-03
99.4000000000 7.9885509340e-03 5.5047676883e-03 1.8407504597e-01 5.5047676883e-03
99.5000000000 7.5036202567e-03 4.6335458094e-03 2.3646990012e-01 4.6335458094e-03
99.6000000000 6.9524776453e-03 3.7183364865e-03 3.0308288747e-01 3.7183364865e-03
99.7000000000 6.3418579518e-03 2.7682592129e-03 3.9226704490e-01 2.7682592129e-03
99.8000000000 5.6789831767e-03 1.7927596512e-03 5.2012276319e-01 1.7927596512e-03
99.9000000000 4.9714820522e-03 8.0151581554e-04 7.2232249729e-01 8.0151581554e-04
100.0000000000 4.2273065531e-03 -1.9565785970e-04 1.0000000000e+00 -1.9565785970e-04
