2 -6.7355475425720214844
2.3010299956639812535 -6.7898316383361816406
2.6020599913279625071 -6.6620693206787109375
2.9030899869919437606 -6.2796235084533691406
3.2041199826559250141 -6.9212555885314941406
3.5051499783199058236 -6.2585597038269042969
3.8061799739838870771 -6.0367670059204101562
4.1072099696478687747 -7.0220937728881835938
4.4082399653118500282 -5.8750104904174804688
4.7092699609758303936 -4.818225860595703125
5.0102999566398116471 -4.9703416824340820312
5.3113299523037929006 -3.9690594673156738281
5.6123599479677741542 -3.1908469200134277344
5.9133899436317554077 -3.2323865890502929688
6.2144199392957366612 -2.2704906463623046875
6.5154499349597179148 -1.9427654743194580078
6.8164799306236991683 -1.2575991153717041016
7.1175099262876804218 -1.0182729959487915039
7.4185399219516616753 -0.87765151262283325195
7.7195699176156429289 -0.70112377405166625977
