1.0413926851582249 -5.6525328817206066e+00 1.1760912590556813 -2.4539398471200085e+00 1.0000000000000000 -1.5792816749306418e+01
1.3222192947339193 -6.8571620806374094e+00 1.3979400086720377 -1.0234316978239718e+01 1.3010299956639813 -1.5792816749306418e+01
1.6127838567197355 -8.0614098457405809e+00 1.6532125137753437 -1.1812722435521126e+01 1.6020599913279625 -1.5792816749306418e+01
1.9084850188786497 -9.2655621533525299e+00 1.9294189257142929 -1.3496151559044888e+01 1.9030899869919435 -1.5792816749306418e+01
2.2068258760318495 -1.0469686392441277e+01 2.2174839442139063 -1.5491786753642439e+01 2.2041199826559250 -1.5792816749306418e+01
2.5065050324048719 -1.1673857971539984e+01 2.5118833609788744 -1.5491786753642439e+01 2.5051499783199058 -1.5792816749306418e+01
2.8068580295188172 -1.2873738656930344e+01 2.8095597146352675 -1.5190756757978457e+01 2.8061799739838871 -1.5792816749306418e+01
3.1075491297446862 -1.4111575511930832e+01 3.1089031276673134 -1.4889726762314476e+01 3.1072099696478683 -1.5792816749306418e+01
3.4084095784684298 -1.5315695494586757e+01 3.4090873694478350 -1.5093846744970399e+01 3.4082399653118496 -1.5792816749306418e+01
3.7093547758343961 -1.5014665498922776e+01 3.7096938697277917 -1.4889726762314476e+01 3.7092699609758308 -1.5792816749306418e+01
4.0103423661395681 -1.4588696766650495e+01 4.0105119627372137 -1.4431088913288827e+01 4.0102999566398116 -1.5792816749306418e+01
4.3113511575713401 -1.4120718891370702e+01 4.3114359682891612 -1.4713635503258795e+01 4.3113299523037929 -1.5792816749306418e+01
4.6123705507309714 -1.4470597454572500e+01 4.6124129591954146 -1.4159348293726833e+01 4.6123599479677742 -1.5792816749306418e+01
4.9133952450457103 -1.4377843401335602e+01 4.9134164500544131 -1.3605296028469956e+01 4.9133899436317554 -1.5792816749306418e+01
5.2144225900108037 -1.4224615025239423e+01 5.2144331927092873 -1.4450394068484213e+01 5.2144199392957367 -1.5792816749306418e+01
5.5154512603192734 -1.5093846744970399e+01 5.5154565617170501 -1.3889726762314476e+01 5.5154499349597179 -1.5792816749306418e+01
5.8164805933039823 -1.3889726762314476e+01 5.8164832440150045 -1.3628463893521982e+01 5.8164799306236992 -1.5792816749306418e+01
6.1175102576279485 -1.4678873396999583e+01 6.1175115829864932 -1.3682227039007170e+01 6.1175099262876804 -1.5792816749306418e+01
6.4185400876218273 -1.2853796972857753e+01 6.4185407503018581 -1.3960307836600183e+01 6.4185399219516617 -1.5792816749306418e+01
6.7195700004507337 -1.3363064469304010e+01 6.7195703317909388 -1.3583301734763788e+01 6.7195699176156429 -1.5792816749306418e+01
