7 0.45329 0.032313
7 0.45206 0.031809
7 0.45522 0.031085
7 0.45986 0.031684
7 0.45665 0.030685
7 0.44331 0.031245
7 0.45581 0.030777
7 0.45581 0.031535
7 0.45616 0.030503
7 0.4538 0.030632
7 0.44634 0.0312
7 0.45184 0.033145
7 0.45184 0.03187
7 0.45502 0.032193
7 0.45669 0.03167
7 0.45117 0.030285
7 0.45117 0.030316
7 0.45967 0.030742
7 0.45086 0.030054
7 0.45081 0.030269
7 21.9053 1.01481
7 22.0022 0.901146
7 21.9951 0.90594
7 21.9425 0.907845
7 22.0884 0.925068
7 22.5595 0.948733
7 22.1116 0.912723
7 22.4076 0.945827
7 22.3611 0.949363
7 21.8653 0.90765
7 70.1385 3.02732
7 0.45466 0.033942
7 0.45153 0.029999
7 0.46009 0.030518
7 0.46009 0.030745
7 0.4544 0.031081
7 0.4544 0.031116
7 0.45099 0.030331
7 0.45099 0.030105
7 0.45919 0.031609
7 0.45919 0.031309
7 0.45482 0.030689
7 0.44991 0.030827
7 0.44991 0.030421
7 0.44807 0.030281
7 0.45317 0.030643
7 0.44984 0.030957
7 0.44984 0.043142
7 0.45041 0.029943
7 0.45881 0.03019
7 0.45061 0.03006
7 0.45061 0.030409
7 22.3124 1.00501
7 22.2078 1.02114
7 22.3304 1.01926
7 22.2396 1.00213
7 22.2779 0.9413
7 22.3563 0.925345
7 21.8493 0.906908
7 22.5467 0.940336
7 22.2098 0.932592
7 22.336 0.923369
7 22.3857 0.948052
7 22.1624 0.914205
7 22.4589 0.923889
7 0.0014 0.012091
7 0.00104 0.010691
7 0.00104 0.010571
7 0.00301 0.010585
7 0.00101 0.012287
7 0.00162 0.010616
7 0.00162 0.010446
7 0.00125 0.010938
7 0.00125 0.010941
7 0.00289 0.010912
7 0.00159 0.012086
7 0.00116 0.010585
7 0.00226 0.010389
7 0.00136 0.010654
7 0.00185 0.010389
7 0.00185 0.010283
7 0.00133 0.010486
7 0.00234 0.010469
7 0.00378 0.01038
7 59.5169 2.58254
7 56.9275 2.42745
7 10.7926 0.542159
7 10.7365 0.447206
7 10.7691 0.451054
7 10.7599 0.44823
7 10.7556 0.453202
7 10.6968 0.502192
7 10.761 0.447607
7 10.7888 0.457877
7 10.7633 0.449004
7 10.7434 0.451557
7 10.7027 0.444005
7 10.7183 0.454068
7 10.8598 0.466037
7 10.7967 0.450623
7 10.7535 0.463221
7 10.671 0.440934
7 10.649 0.453844
7 10.7639 0.449238
7 10.7662 0.450905
7 10.6907 0.453112
7 19.4789 0.804432
7 19.6011 0.820169
7 19.6025 0.862455
7 19.4225 0.884039
7 19.6216 0.901209
7 19.7312 0.891483
7 19.6557 0.877608
7 19.6412 0.882468
